(51, 71)
(56, 76)
(81, 67)
(91, 65)
(50, 151)
(17, 24)
(56, 76)
(56, 76)
(66, 59)
(67, 64)
(56, 76)
(102, 74)
(30, 73)
(66, 17)
(40, 27)
(56, 76)
(56, 76)
(45, 19)
(19, 31)
(104, 77)
(57, 20)
(21, 23)
(22, 110)
(21, 25)
(56, 76)
(72, 65)
(70, 63)
(82, 65)
(26, 20)
(56, 76)
(56, 76)
(35, 22)
(53, 49)
(44, 108)
(56, 76)
(17, 34)
(56, 76)
(93, 64)
(21, 54)
(18, 116)
(19, 86)
(32, 30)
(45, 42)
(24, 55)
(159, 154)
(70, 62)
(24, 54)
(56, 76)
(56, 76)
(37, 51)
(22, 54)
(17, 52)
(56, 76)
(30, 17)
(56, 76)
(38, 22)
(47, 19)
(27, 166)
(31, 24)
(19, 32)
(25, 38)
(57, 28)
(52, 48)
(18, 37)
(99, 72)
(56, 76)
(58, 144)
(87, 68)
(83, 64)
(28, 104)
(101, 69)
(56, 76)
(56, 76)
(63, 58)
(27, 85)
(57, 25)
(92, 61)
(164, 85)
(103, 79)
(19, 32)
(56, 76)
(116, 47)
(67, 60)
(55, 160)
(56, 76)
(97, 72)
(30, 54)
(73, 66)
(84, 123)
(56, 76)
(23, 36)
(72, 64)
(19, 152)
(60, 61)
(38, 23)
(34, 25)
(39, 174)
(54, 68)
(56, 20)
(31, 73)
(24, 33)
(50, 56)
(143, 20)
(29, 84)
(56, 76)
(56, 76)
(28, 69)
(17, 93)
(17, 35)
(72, 66)
(49, 19)
(56, 76)
(56, 76)
(23, 163)
(91, 62)
(56, 76)
(27, 48)
(93, 60)
(56, 76)
(56, 76)
(33, 92)
(56, 76)
(67, 18)
(64, 59)
(51, 67)
(71, 64)
(18, 82)
(56, 76)
(91, 64)
(35, 22)
(30, 62)
(73, 66)
(56, 76)
(25, 50)
(26, 52)
(50, 19)
(19, 21)
(56, 76)
(26, 17)
(24, 52)
(56, 76)
(20, 24)
(51, 40)
(47, 20)
(71, 61)
(89, 65)
(151, 164)
(17, 162)
(116, 49)
(25, 126)
(27, 96)
(56, 76)
(49, 51)
(71, 64)
(35, 42)
(91, 180)
(23, 24)
(38, 43)
(56, 76)
(89, 73)
(56, 76)
(30, 173)
(56, 76)
(56, 76)
(56, 76)
(56, 76)
(56, 76)
(47, 18)
(30, 48)
(41, 55)
(24, 183)
(56, 76)
(17, 39)
(26, 28)
(32, 18)
(35, 55)
(28, 137)
(101, 68)
(70, 17)
(19, 17)
(65, 59)
(56, 76)
(21, 97)
(68, 54)
(56, 76)
(35, 27)
(56, 76)
(56, 76)
(52, 19)
(56, 76)
(70, 62)
(84, 66)
(59, 108)
(56, 76)
(26, 17)
(54, 67)
(35, 22)
(119, 156)
(53, 43)
(56, 76)
(40, 66)
(23, 49)
(69, 62)
(42, 113)
(23, 68)
(20, 31)
(57, 18)
(56, 76)
(88, 71)
(40, 21)
(56, 76)
(32, 79)
(71, 63)
(47, 21)
(29, 33)
(43, 19)
(17, 67)
(56, 76)
(18, 87)
(66, 59)
(56, 76)
(56, 76)
(28, 45)
(17, 63)
(72, 66)
(72, 65)
(23, 65)
(56, 76)
(56, 76)
(56, 76)
(52, 62)
(29, 25)
(56, 76)
(69, 63)
(86, 67)
(17, 85)
(24, 54)
(23, 56)
(56, 76)
(63, 21)
(23, 155)
(145, 156)
(32, 29)
(25, 83)
(30, 78)
(56, 76)
(88, 69)
(17, 37)
(103, 50)
(27, 154)
(55, 67)
(53, 52)
(56, 76)
(56, 76)
(56, 76)
(124, 142)
(26, 54)
(56, 76)
(24, 36)
(44, 19)
(42, 18)
(63, 58)
(87, 70)
(35, 53)
(24, 41)
(38, 22)
(75, 145)
(56, 76)
(72, 65)
(56, 76)
(22, 52)
(49, 19)
(56, 76)
(61, 18)
(41, 41)
(19, 77)
(22, 42)
(56, 76)
(56, 76)
(24, 18)
(127, 30)
(66, 55)
(56, 76)
(23, 71)
(71, 64)
(56, 76)
(22, 32)
(72, 62)
(62, 162)
(48, 68)
(19, 120)
(73, 66)
(19, 88)
(56, 76)
(58, 19)
(69, 61)
(71, 65)
(44, 19)
(32, 18)
(91, 64)
(56, 76)
(70, 63)
(67, 19)
(56, 76)
(90, 64)
(42, 45)
(56, 76)
(21, 65)
(65, 59)
(18, 57)
(36, 58)
(39, 25)
(65, 19)
(56, 76)
(56, 76)
(43, 43)
(17, 75)
(72, 65)
(90, 73)
(103, 65)
(23, 68)
(53, 57)
(27, 59)
(18, 61)
(23, 70)
(26, 25)
(53, 40)
(56, 17)
(19, 87)
(17, 80)
(24, 29)
(56, 76)
(56, 76)
(23, 39)
(140, 141)
(103, 79)
(56, 76)
(161, 21)
(27, 25)
(21, 61)
(54, 30)
(56, 76)
(26, 25)
(56, 76)
(31, 97)
(56, 76)
(44, 28)
(38, 21)
(27, 50)
(32, 57)
(17, 60)
(17, 63)
(31, 17)
(100, 74)
(18, 83)
(51, 47)
(29, 25)
(56, 76)
(17, 53)
(26, 46)
(68, 63)
(56, 76)
(57, 19)
(18, 85)
(56, 76)
(56, 76)
(50, 49)
(70, 62)
(22, 50)
(56, 76)
(56, 76)
(66, 60)
(72, 66)
(18, 36)
(73, 66)
(23, 40)
(30, 24)
(30, 25)
(70, 62)
(56, 76)
(56, 76)
(56, 76)
(26, 64)
(29, 25)
(23, 80)
(64, 20)
(63, 58)
(25, 68)
(56, 76)
(56, 76)
(56, 76)
(55, 71)
(56, 76)
(66, 60)
(26, 28)
(53, 70)
(41, 108)
(54, 24)
(56, 76)
(29, 54)
(56, 76)
(56, 76)
(27, 74)
(56, 76)
(56, 76)
(33, 63)
(27, 51)
(21, 59)
(63, 58)
(48, 18)
(29, 25)
(51, 58)
(17, 47)
(20, 83)
(56, 76)
(25, 177)
(70, 63)
(56, 76)
(30, 30)
(18, 79)
(17, 169)
(56, 76)
(26, 180)
(98, 61)
(56, 76)
(162, 19)
(26, 52)
(48, 28)
(56, 25)
(27, 59)
(27, 25)
(32, 24)
(72, 65)
(46, 19)
(56, 76)
(56, 76)
(31, 43)
(56, 76)
(23, 124)
(26, 69)
(31, 79)
(27, 21)
(99, 58)
(23, 55)
(56, 76)
(31, 35)
(23, 79)
(41, 45)
(56, 76)
(24, 174)
(24, 51)
(49, 44)
(89, 68)
(30, 28)
(56, 76)
(43, 49)
(30, 25)
(57, 72)
(56, 76)
(56, 76)
(68, 17)
(41, 66)
(18, 140)
(88, 73)
(56, 68)
(41, 26)
(56, 76)
(56, 76)
(56, 76)
(43, 32)
(21, 125)
(66, 17)
(52, 67)
(49, 64)
(19, 57)
(23, 52)
(56, 76)
(28, 44)
(97, 74)
(66, 17)
(63, 58)
(17, 68)
(119, 53)
(40, 148)
(67, 60)
(70, 52)
(59, 132)
(41, 112)
(17, 47)
(56, 76)
(18, 45)
(30, 81)
(66, 18)
(120, 57)
(27, 171)
(56, 76)
(91, 68)
(109, 170)
(56, 76)
(41, 19)
(56, 76)
(37, 64)
(56, 76)
(50, 30)
(56, 76)
(18, 67)
(128, 136)
(47, 65)
(56, 76)
(21, 31)
(17, 36)
(91, 62)
(144, 17)
(17, 54)
(41, 47)
(52, 39)
(56, 76)
(17, 56)
(56, 76)
(47, 59)
(56, 76)
(18, 153)
(56, 76)
(56, 76)
(56, 76)
(22, 64)
(27, 145)
(47, 19)
(47, 61)
(18, 118)
(72, 65)
(72, 65)
(53, 159)
(56, 76)
(93, 71)
(17, 34)
(20, 31)
(51, 57)
(56, 76)
(56, 76)
(88, 65)
(53, 118)
(22, 56)
(56, 76)
(49, 61)
(35, 55)
(66, 17)
(18, 25)
(50, 31)
(56, 76)
(50, 17)
(56, 76)
(56, 76)
(56, 76)
(27, 38)
(56, 76)
(72, 65)
(56, 76)
(71, 66)
(18, 85)
(69, 65)
(55, 156)
(21, 72)
(56, 76)
(72, 62)
(28, 48)
(24, 31)
(53, 39)
(17, 61)
(100, 68)
(31, 60)
(26, 52)
(46, 22)
(66, 127)
(40, 183)
(100, 76)
(56, 76)
(98, 75)
(97, 56)
(18, 17)
(89, 178)
(73, 66)
(56, 76)
(56, 76)
(95, 74)
(88, 73)
(150, 36)
(56, 76)
(25, 52)
(17, 35)
(31, 91)
(48, 27)
(18, 50)
(56, 21)
(56, 76)
(44, 19)
(56, 68)
(54, 28)
(47, 20)
(64, 113)
(46, 64)
(17, 104)
(29, 84)
(66, 62)
(51, 37)
(37, 176)
(63, 58)
(61, 20)
(29, 79)
(61, 21)
(56, 76)
(63, 66)
(45, 64)
(23, 91)
(20, 31)
(22, 26)
(91, 64)
(100, 60)
(56, 76)
(73, 66)
(21, 125)
(47, 19)
(93, 62)
(18, 50)
(70, 63)
(135, 161)
(87, 71)
(27, 71)
(63, 58)
(86, 67)
(38, 34)
(67, 60)
(26, 51)
(91, 71)
(50, 182)
(103, 78)
(91, 63)
(19, 126)
(56, 76)
(69, 62)
(63, 58)
(31, 70)
(34, 38)
(56, 76)
(24, 70)
(73, 66)
(31, 30)
(56, 76)
(56, 76)
(56, 76)
(103, 77)
(56, 76)
(17, 72)
(20, 38)
(30, 46)
(56, 76)
(50, 125)
(64, 59)
(31, 73)
(60, 67)
(17, 86)
(74, 63)
(58, 22)
(51, 173)
(77, 68)
(17, 44)
(56, 76)
(102, 78)
(82, 70)
(67, 60)
(45, 28)
(17, 46)
(70, 63)
(70, 63)
(39, 126)
(65, 18)
(20, 31)
(82, 70)
(35, 22)
(56, 76)
(61, 18)
(56, 76)
(56, 76)
(40, 66)
(23, 67)
(26, 18)
(18, 63)
(23, 23)
(25, 100)
(56, 76)
(56, 76)
(49, 38)
(50, 53)
(56, 76)
(23, 28)
(45, 39)
(23, 64)
(56, 76)
(56, 76)
(17, 45)
(36, 45)
(67, 60)
(98, 76)
(56, 76)
(18, 100)
(30, 48)
(25, 17)
(56, 76)
(28, 41)
(25, 53)
(69, 62)
(18, 49)
(120, 45)
(100, 74)
(25, 66)
(56, 76)
(29, 27)
(47, 38)
(49, 49)
(62, 23)
(18, 60)
(18, 90)
(36, 175)
(56, 76)
(41, 129)
(31, 97)
(56, 76)
(46, 36)
(19, 35)
(56, 76)
(30, 120)
(62, 18)
(63, 58)
(45, 19)
(56, 76)
(60, 112)
(73, 66)
(17, 66)
(63, 17)
(23, 61)
(64, 58)
(51, 68)
(17, 32)
(20, 71)
(35, 64)
(34, 104)
(103, 71)
(48, 178)
(56, 76)
(74, 58)
(56, 76)
(56, 76)
(56, 76)
(21, 39)
(69, 17)
(56, 76)
(55, 21)
(24, 24)
(84, 127)
(63, 58)
(33, 69)
(83, 68)
(24, 54)
(148, 49)
(65, 60)
(35, 45)
(56, 76)
(56, 76)
(131, 31)
(56, 76)
(64, 60)
(56, 76)
(117, 36)
(59, 17)
(31, 174)
(49, 42)
(61, 142)
(86, 67)
(30, 167)
(56, 76)
(53, 59)
(37, 26)
(25, 77)
(17, 120)
(27, 159)
(31, 53)
(65, 59)
(31, 44)
(17, 93)
(26, 48)
(56, 76)
(56, 76)
(56, 76)
(71, 64)
(28, 25)
(25, 79)
(56, 76)
(52, 57)
(93, 131)
(25, 60)
(23, 89)
(21, 165)
(25, 46)
(56, 76)
(56, 76)
(31, 27)
(24, 69)
(56, 76)
(17, 34)
(208, 179)
(17, 68)
(56, 76)
(22, 74)
(56, 76)
(71, 64)
(49, 36)
(27, 20)
(62, 25)
(33, 29)
(44, 51)
(35, 35)
(56, 76)
(18, 94)
(56, 76)
(38, 22)
(91, 63)
(56, 76)
(26, 52)
(90, 73)
(54, 72)
(47, 108)
(65, 19)
(56, 76)
(56, 76)
(22, 123)
(69, 18)
(56, 76)
(25, 17)
(56, 76)
(70, 17)
(61, 26)
(62, 18)
(51, 24)
(90, 68)
(92, 62)
(56, 76)
(55, 17)
(56, 76)
(29, 60)
(17, 82)
(56, 76)
(19, 175)
(49, 19)
(70, 63)
(28, 53)
(91, 62)
(73, 66)
(47, 23)
(56, 76)
(22, 56)
(73, 66)
(39, 23)
(21, 17)
(31, 22)
(73, 66)
(33, 22)
(17, 19)
(40, 44)
(56, 76)
(65, 63)
(64, 18)
(23, 28)
(17, 180)
(69, 61)
(92, 64)
(66, 56)
(23, 29)
(29, 54)
(65, 59)
(39, 33)
(102, 58)
(22, 56)
(67, 60)
(60, 63)
(43, 51)
(22, 18)
(52, 62)
(22, 87)
(56, 76)
(49, 129)
(56, 71)
(37, 22)
(29, 31)
(31, 101)
(73, 66)
(24, 50)
(17, 71)
(32, 23)
(29, 66)
(41, 42)
(56, 76)
(36, 42)
(56, 76)
(89, 72)
(22, 89)
(56, 76)
(56, 76)
(19, 45)
(56, 76)
(88, 71)
(56, 76)
(53, 71)
(85, 130)
(23, 61)
(56, 76)
(67, 18)
(20, 48)
(23, 72)
(21, 19)
(64, 132)
(56, 76)
(31, 28)
(22, 63)
(56, 76)
(61, 19)
(20, 70)
(99, 71)
(89, 70)
(89, 72)
(26, 21)
(25, 28)
(56, 76)
(19, 108)
(25, 60)
(58, 69)
(56, 76)
(73, 66)
(40, 19)
(56, 76)
(19, 112)
(45, 60)
(92, 70)
(56, 76)
(56, 76)
(56, 76)
(57, 18)
(56, 76)
(20, 93)
(19, 87)
(33, 23)
(66, 57)
(56, 76)
(38, 19)
(31, 32)
(56, 76)
(70, 63)
(56, 76)
(56, 76)
(105, 80)
(73, 66)
(100, 70)
(53, 174)
(32, 114)
(17, 34)
(27, 34)
(75, 64)
(102, 71)
(56, 76)
(56, 76)
(73, 66)
(91, 62)
(52, 52)
(56, 76)
(99, 161)
(68, 61)
(87, 69)
(56, 76)
(28, 18)
(30, 59)
(17, 18)
(64, 164)
(67, 60)
(90, 180)
(20, 23)
(69, 17)
(30, 47)
(91, 67)
(51, 40)
(24, 167)
(101, 55)
(68, 17)
(55, 22)
(25, 18)
(20, 79)
(56, 76)
(91, 73)
(56, 76)
(19, 91)
(23, 62)
(45, 62)
(148, 144)
(92, 69)
(56, 76)
(23, 83)
(56, 76)
(101, 75)
(112, 135)
(62, 175)
(90, 63)
(28, 33)
(82, 66)
(56, 76)
(109, 44)
(43, 179)
(64, 166)
(33, 40)
(45, 112)
(71, 172)
(37, 44)
(52, 56)
(18, 91)
(93, 131)
(56, 76)
(27, 30)
(91, 70)
(56, 76)
(74, 61)
(89, 70)
(216, 178)
(28, 67)
(33, 28)
(30, 119)
(27, 75)
(27, 176)
(22, 35)
(27, 78)
(82, 67)
(86, 70)
(32, 37)
(18, 82)
(30, 58)
(34, 46)
(56, 76)
(54, 17)
(71, 66)
(59, 24)
(56, 76)
(79, 149)
(21, 78)
(62, 18)
(56, 76)
(56, 76)
(18, 85)
(17, 73)
(76, 62)
(56, 76)
(60, 165)
(68, 63)
(56, 76)
(24, 24)
(87, 71)
(195, 173)
(56, 76)
(56, 76)
(69, 152)
(62, 126)
(50, 21)
(17, 17)
(56, 76)
(84, 71)
(103, 71)
(44, 181)
(29, 48)
(26, 174)
(56, 76)
(19, 53)
(51, 70)
(23, 129)
(46, 62)
(50, 55)
(69, 62)
(24, 87)
(56, 76)
(50, 132)
(17, 166)
(56, 76)
(56, 76)
(17, 30)
(56, 76)
(19, 30)
(22, 61)
(36, 38)
(56, 76)
(19, 120)
(24, 17)
(81, 64)
(63, 61)
(114, 153)
(18, 64)
(83, 64)
(56, 76)
(18, 71)
(62, 61)
(28, 177)
(32, 69)
(29, 170)
(42, 168)
(56, 76)
(23, 70)
(18, 180)
(81, 69)
(37, 166)
(59, 66)
(56, 76)
(56, 76)
(56, 76)
(56, 76)
(31, 41)
(22, 93)
(21, 70)
(28, 26)
(56, 76)
(56, 76)
(32, 84)
(53, 43)
(56, 76)
(99, 57)
(103, 77)
(169, 27)
(35, 54)
(89, 67)
(34, 42)
(56, 76)
(19, 119)
(48, 17)
(41, 50)
(51, 70)
(20, 91)
(21, 103)
(110, 128)
(144, 37)
(44, 61)
(56, 76)
(80, 127)
(140, 46)
(70, 17)
(24, 28)
(28, 22)
(88, 73)
(50, 62)
(26, 74)
(85, 68)
(56, 76)
(31, 90)
(56, 76)
(31, 23)
(100, 70)
(89, 69)
(91, 74)
(29, 48)
(71, 65)
(74, 57)
(21, 166)
(26, 52)
(73, 63)
(91, 70)
(71, 65)
(30, 67)
(48, 38)
(52, 23)
(55, 151)
(47, 27)
(21, 61)
(56, 76)
(21, 87)
(24, 89)
(21, 41)
(58, 26)
(51, 27)
(62, 21)
(74, 144)
(21, 83)
(29, 117)
(56, 76)
(18, 34)
(56, 76)
(70, 59)
(45, 46)
(24, 57)
(56, 76)
(108, 179)
(70, 54)
(48, 19)
(53, 59)
(41, 169)
(54, 69)
(89, 121)
(56, 76)
(49, 20)
(20, 93)
(56, 76)
(81, 66)
(170, 179)
(48, 54)
(150, 55)
(52, 47)
(91, 65)
(56, 76)
(35, 136)
(96, 67)
(85, 176)
(19, 94)
(27, 130)
(22, 77)
(103, 73)
(28, 37)
(29, 92)
(77, 61)
(100, 76)
(43, 49)
(103, 77)
(45, 42)
(20, 33)
(56, 76)
(34, 21)
(142, 143)
(50, 32)
(118, 183)
(21, 61)
(56, 76)
(26, 24)
(18, 105)
(60, 177)
(51, 27)
(17, 76)
(72, 53)
(73, 66)
(51, 132)
(45, 36)
(17, 54)
(20, 55)
(19, 61)
(52, 70)
(56, 76)
(23, 51)
(139, 142)
(28, 50)
(37, 154)
(27, 51)
(56, 76)
(85, 181)
(91, 63)
(64, 61)
(18, 166)
(56, 76)
(60, 64)
(45, 25)
(18, 57)
(134, 21)
(23, 36)
(80, 183)
(64, 132)
(146, 63)
(23, 66)
(17, 49)
(31, 25)
(42, 129)
(61, 25)
(51, 29)
(20, 47)
(56, 76)
(56, 76)
(58, 21)
(113, 45)
(56, 76)
(56, 76)
(97, 61)
(68, 61)
(60, 149)
(56, 73)
(100, 131)
(31, 38)
(56, 76)
(102, 71)
(31, 46)
(167, 19)
(69, 61)
(69, 111)
(47, 179)
(27, 29)
(102, 53)
(47, 120)
(31, 151)
(71, 63)
(109, 181)
(56, 72)
(146, 64)
(30, 97)
(56, 76)
(38, 25)
(100, 69)
(17, 85)
(22, 173)
(53, 59)
(18, 142)
(26, 135)
(77, 62)
(17, 108)
(68, 61)
(28, 84)
(48, 44)
(31, 115)
(19, 53)
(30, 119)
(71, 64)
(19, 91)
(54, 70)
(33, 74)
(94, 145)
(112, 152)
(21, 95)
(21, 182)
(18, 75)
(29, 69)
(72, 65)
(18, 73)
(146, 63)
(56, 76)
(41, 17)
(62, 155)
(56, 76)
(30, 48)
(125, 42)
(28, 77)
(56, 76)
(29, 21)
(37, 18)
(37, 101)
(23, 70)
(18, 123)
(20, 29)
(57, 68)
(56, 76)
(21, 77)
(56, 76)
(23, 63)
(56, 76)
(39, 172)
(141, 31)
(42, 122)
(17, 34)
(28, 53)
(22, 96)
(47, 60)
(25, 36)
(25, 177)
(56, 76)
(56, 76)
(62, 67)
(56, 65)
(56, 76)
(34, 41)
(53, 57)
(24, 53)
(53, 25)
(61, 67)
(38, 22)
(70, 61)
(68, 61)
(66, 58)
(53, 42)
(25, 55)
(39, 57)
(56, 76)
(67, 63)
(18, 58)
(20, 46)
(22, 45)
(65, 22)
(51, 52)
(97, 66)
(49, 30)
(39, 49)
(60, 63)
(19, 30)
(98, 61)
(87, 71)
(31, 91)
(24, 28)
(56, 76)
(53, 38)
(56, 76)
(100, 71)
(46, 18)
(90, 70)
(66, 110)
(17, 118)
(26, 121)
(23, 109)
(30, 103)
(41, 66)
(72, 65)
(190, 170)
(31, 76)
(56, 76)
(53, 171)
(56, 76)
(24, 53)
(93, 64)
(26, 38)
(56, 76)
(113, 138)
(67, 20)
(72, 183)
(20, 72)
(50, 58)
(226, 181)
(29, 105)
(56, 22)
(33, 169)
(22, 59)
(50, 20)
(89, 120)
(56, 76)
(18, 90)
(32, 19)
(17, 82)
(25, 90)
(58, 116)
(70, 63)
(28, 81)
(153, 167)
(17, 73)
(17, 77)
(72, 65)
(112, 146)
(22, 175)
(20, 108)
(41, 128)
(20, 51)
(56, 76)
(33, 120)
(18, 110)
(138, 21)
(56, 76)
(92, 130)
(37, 163)
(42, 61)
(56, 76)
(93, 63)
(56, 76)
(87, 121)
(40, 21)
(56, 76)
(49, 70)
(32, 55)
(44, 49)
(17, 34)
(61, 20)
(39, 49)
(46, 24)
(30, 25)
(22, 166)
(29, 76)
(44, 67)
(24, 145)
(122, 147)
(39, 53)
(19, 20)
(56, 76)
(57, 174)
(100, 66)
(110, 134)
(128, 141)
(37, 150)
(28, 172)
(40, 21)
(116, 54)
(69, 65)
(32, 51)
(21, 145)
(42, 65)
(100, 76)
(56, 76)
(71, 65)
(56, 76)
(23, 31)
(103, 129)
(51, 29)
(31, 64)
(88, 176)
(31, 152)
(20, 47)
(47, 37)
(25, 27)
(90, 145)
(56, 76)
(51, 173)
(32, 134)
(50, 18)
(38, 98)
(27, 49)
(58, 177)
(59, 17)
(56, 76)
(57, 168)
(68, 56)
(62, 175)
(26, 43)
(55, 69)
(91, 62)
(99, 66)
(59, 18)
(64, 58)
(53, 59)
(56, 76)
(25, 55)
(159, 19)
(103, 78)
(50, 23)
(149, 176)
(56, 76)
(36, 53)
(94, 136)
(32, 175)
(56, 76)
(147, 144)
(56, 76)
(39, 172)
(51, 58)
(56, 76)
(69, 127)
(36, 164)
(37, 175)
(27, 171)
(20, 65)
(48, 32)
(50, 24)
(89, 68)
(37, 154)
(24, 110)
(32, 74)
(28, 33)
(28, 168)
(66, 59)
(50, 23)
(42, 23)
(56, 76)
(27, 17)
(56, 76)
(32, 72)
(46, 115)
(51, 133)
(37, 154)
(56, 76)
(42, 36)
(117, 55)
(69, 64)
(18, 84)
(83, 64)
(35, 61)
(92, 66)
(48, 65)
(38, 60)
(56, 76)
(38, 31)
(30, 31)
(56, 76)
(40, 49)
(17, 76)
(31, 47)
(56, 76)
(17, 20)
(25, 183)
(32, 31)
(25, 123)
(61, 126)
(29, 84)
(56, 76)
(57, 124)
(23, 17)
(56, 76)
(44, 60)
(51, 22)
(56, 76)
(17, 25)
(43, 58)
(41, 34)
(21, 145)
(64, 58)
(33, 118)
(68, 63)
(38, 99)
(56, 76)
(92, 65)
(17, 73)
(32, 95)
(99, 68)
(113, 43)
(56, 76)
(100, 69)
(22, 29)
(37, 111)
(66, 56)
(54, 166)
(56, 76)
(56, 76)
(17, 147)
(71, 64)
(32, 18)
(18, 50)
(56, 76)
(59, 26)
(30, 60)
(63, 65)
(69, 61)
(70, 17)
(30, 27)
(46, 101)
(102, 76)
(44, 48)
(38, 21)
(33, 91)
(56, 76)
(27, 30)
(33, 96)
(81, 66)
(103, 128)
(56, 76)
(51, 148)
(21, 157)
(30, 98)
(30, 22)
(38, 105)
(56, 76)
(17, 151)
(176, 21)
(43, 162)
(19, 164)
(33, 69)
(64, 23)
(31, 163)
(57, 65)
(41, 61)
(74, 64)
(17, 158)
(163, 177)
(36, 121)
(77, 68)
(17, 63)
(28, 19)
(25, 78)
(52, 109)
(23, 24)
(61, 160)
(17, 73)
(46, 17)
(66, 17)
(56, 76)
(38, 62)
(67, 150)
(58, 140)
(56, 76)
(56, 76)
(17, 76)
(30, 57)
(89, 127)
(47, 69)
(49, 175)
(41, 18)
(76, 60)
(42, 175)
(61, 160)
(61, 140)
(55, 111)
(35, 19)
(56, 76)
(70, 63)
(48, 62)
(18, 167)
(24, 104)
(51, 147)
(73, 58)
(141, 23)
(122, 173)
(89, 67)
(56, 76)
(22, 61)
(66, 55)
(56, 76)
(23, 20)
(34, 52)
(41, 134)
(56, 19)
(21, 56)
(55, 72)
(20, 64)
(32, 100)
(28, 169)
(55, 24)
(46, 173)
(95, 157)
(56, 76)
(44, 29)
(44, 67)
(56, 76)
(67, 166)
(141, 23)
(20, 36)
(17, 34)
(72, 55)
(111, 46)
(60, 69)
(25, 50)
(39, 42)
(30, 44)
(50, 111)
(56, 76)
(23, 18)
(69, 62)
(56, 76)
(106, 126)
(82, 116)
(48, 64)
(56, 76)
(103, 77)
(53, 63)
(18, 82)
(39, 149)
(57, 113)
(29, 49)
(41, 181)
(41, 37)
(71, 54)
(25, 143)
(44, 66)
(25, 137)
(36, 182)
(23, 45)
(58, 69)
(49, 119)
(92, 62)
(70, 131)
(81, 182)
(80, 69)
(56, 76)
(87, 70)
(30, 123)
(117, 137)
(95, 66)
(93, 65)
(56, 76)
(48, 143)
(34, 171)
(110, 131)
(71, 112)
(70, 63)
(39, 140)
(56, 76)
(26, 177)
(41, 57)
(22, 152)
(18, 169)
(56, 76)
(107, 175)
(62, 129)
(89, 66)
(200, 178)
(25, 138)
(18, 71)
(31, 66)
(56, 76)
(28, 169)
(55, 72)
(49, 31)
(22, 161)
(30, 173)
(34, 21)
(66, 60)
(30, 25)
(19, 32)
(26, 172)
(57, 106)
(17, 158)
(50, 58)
(17, 173)
(46, 43)
(56, 76)
(56, 76)
(72, 117)
(27, 17)
(21, 43)
(56, 73)
(54, 67)
(56, 76)
(56, 76)
(56, 76)
(56, 76)
(21, 26)
(17, 76)
(135, 19)
(29, 49)
(75, 164)
(67, 62)
(67, 18)
(65, 58)
(71, 66)
(92, 68)
(18, 151)
(56, 76)
(17, 90)
(91, 65)
(32, 143)
(92, 65)
(25, 72)
(86, 72)
(20, 70)
(17, 28)
(49, 68)
(59, 28)
(36, 29)
(56, 76)
(39, 47)
(118, 54)
(53, 63)
(72, 66)
(25, 71)
(72, 65)
(53, 22)
(54, 115)
(56, 76)
(44, 64)
(56, 76)
(70, 63)
(56, 76)
(28, 115)
(17, 126)
(56, 76)
(89, 66)
(34, 25)
(46, 42)
(33, 72)
(30, 56)
(52, 71)
(38, 164)
(17, 141)
(152, 64)
(82, 65)
(18, 84)
(101, 53)
(102, 52)
(19, 116)
(63, 65)
(33, 50)
(56, 76)
(17, 122)
(22, 55)
(103, 78)
(25, 78)
(71, 52)
(56, 76)
(55, 179)
(56, 76)
(56, 76)
(19, 54)
(73, 115)
(71, 117)
(37, 174)
(56, 76)
(44, 144)
(41, 46)
(18, 36)
(19, 99)
(56, 76)
(17, 112)
(27, 173)
(18, 85)
(111, 134)
(71, 64)
(31, 97)
(19, 74)
(102, 70)
(36, 131)
(67, 157)
(21, 169)
(52, 66)
(26, 102)
(59, 25)
(51, 125)
(18, 67)
(56, 76)
(19, 107)
(27, 113)
(91, 64)
(38, 105)
(33, 69)
(56, 76)
(183, 168)
(104, 149)
(105, 79)
(27, 34)
(61, 179)
(32, 107)
(86, 149)
(27, 77)
(21, 154)
(70, 137)
(71, 53)
(49, 67)
(56, 70)
(42, 100)
(73, 171)
(25, 97)
(98, 129)
(56, 76)
(35, 119)
(116, 48)
(89, 65)
(24, 41)
(91, 69)
(73, 63)
(56, 76)
(75, 63)
(56, 76)
(56, 76)
(25, 17)
(19, 111)
(45, 101)
(100, 71)
(38, 169)
(91, 67)
(107, 169)
(88, 73)
(91, 124)
(75, 176)
(77, 175)
(67, 173)
(36, 105)
(146, 52)
(99, 77)
(39, 174)
(62, 67)
(86, 169)
(75, 163)
(51, 134)
(36, 23)
(19, 179)
(17, 182)
(57, 122)
(28, 169)
(46, 131)
(36, 18)
(51, 25)
(63, 120)
(25, 30)
(20, 176)
(74, 67)
(63, 109)
(92, 65)
(56, 76)
(94, 63)
(145, 40)
(77, 67)
(20, 150)
(58, 22)
(99, 55)
(20, 174)
(32, 121)
(100, 178)
(29, 70)
(17, 173)
(24, 137)
(98, 135)
(66, 59)
(56, 76)
(58, 65)
(56, 76)
(22, 168)
(62, 21)
(130, 141)
(105, 79)
(32, 98)
(61, 183)
(17, 91)
(56, 76)
(33, 160)
(90, 125)
(34, 150)
(57, 72)
(18, 82)
(58, 22)
(56, 76)
(23, 80)
(31, 123)
(72, 64)
(19, 69)
(56, 76)
(99, 73)
(56, 76)
(28, 169)
(44, 45)
(56, 76)
(71, 63)
(39, 35)
(35, 62)
(31, 177)
(52, 142)
(77, 114)
(56, 76)
(25, 169)
(53, 33)
(33, 170)
(53, 60)
(25, 72)
(151, 65)
(51, 139)
(82, 70)
(54, 27)
(56, 76)
(67, 144)
(56, 76)
(17, 29)
(25, 72)
(56, 76)
(69, 150)
(23, 93)
(142, 143)
(86, 71)
(156, 163)
(127, 156)
(97, 63)
(133, 23)
(22, 31)
(17, 81)
(94, 74)
(56, 76)
(30, 62)
(41, 39)
(69, 62)
(33, 72)
(52, 38)
(25, 128)
(56, 76)
(56, 76)
(67, 18)
(26, 150)
(17, 88)
(41, 51)
(102, 54)
(72, 62)
(62, 113)
(39, 28)
(151, 59)
(56, 76)
(23, 35)
(78, 158)
(20, 73)
(72, 160)
(92, 123)
(18, 94)
(100, 66)
(109, 139)
(105, 80)
(53, 48)
(86, 68)
(35, 17)
(24, 76)
(94, 125)
(78, 67)
(56, 76)
(36, 151)
(19, 88)
(20, 56)
(56, 76)
(51, 70)
(48, 62)
(31, 23)
(23, 25)
(55, 71)
(63, 157)
(99, 55)
(43, 64)
(29, 86)
(28, 177)
(23, 58)
(27, 82)
(56, 76)
(17, 152)
(48, 64)
(19, 43)
(18, 91)
(18, 28)
(109, 130)
(59, 17)
(83, 135)
(22, 175)
(37, 141)
(18, 174)
(49, 57)
(24, 87)
(92, 66)
(48, 68)
(32, 69)
(61, 66)
(56, 76)
(154, 162)
(196, 169)
(181, 170)
(23, 93)
(56, 76)
(90, 73)
(65, 124)
(25, 123)
(31, 95)
(30, 46)
(56, 76)
(20, 27)
(23, 38)
(41, 143)
(102, 56)
(32, 58)
(56, 76)
(18, 88)
(56, 76)
(51, 33)
(56, 76)
(56, 76)
(95, 124)
(87, 118)
(30, 147)
(46, 26)
(31, 98)
(70, 117)
(34, 34)
(35, 55)
(56, 76)
(17, 182)
(31, 164)
(56, 76)
(56, 76)
(77, 68)
(34, 182)
(69, 62)
(76, 57)
(33, 64)
(19, 114)
(89, 144)
(148, 30)
(25, 139)
(56, 76)
(40, 161)
(33, 81)
(17, 63)
(41, 62)
(35, 28)
(30, 54)
(18, 158)
(58, 174)
(34, 131)
(115, 54)
(76, 159)
(41, 104)
(57, 123)
(165, 35)
(107, 178)
(24, 177)
(120, 138)
(30, 162)
(17, 150)
(56, 76)
(33, 177)
(61, 117)
(87, 69)
(51, 39)
(50, 63)
(59, 168)
(23, 104)
(56, 76)
(68, 61)
(49, 171)
(70, 137)
(53, 24)
(20, 91)
(82, 69)
(36, 178)
(123, 138)
(38, 42)
(69, 65)
(18, 71)
(17, 70)
(166, 22)
(100, 66)
(97, 75)
(110, 133)
(17, 71)
(44, 158)
(23, 63)
(41, 181)
(48, 171)
(96, 123)
(23, 60)
(56, 76)
(67, 62)
(69, 150)
(31, 148)
(56, 76)
(73, 66)
(35, 176)
(53, 71)
(42, 62)
(69, 62)
(69, 62)
(102, 140)
(24, 119)
(19, 59)
(93, 69)
(128, 27)
(56, 76)
(85, 71)
(56, 76)
(72, 65)
(56, 30)
(48, 43)
(18, 62)
(44, 112)
(60, 107)
(149, 33)
(55, 66)
(57, 64)
(33, 71)
(53, 42)
(60, 27)
(65, 118)
(56, 76)
(17, 123)
(50, 151)
(28, 181)
(149, 27)
(147, 20)
(24, 70)
(26, 72)
(29, 180)
(56, 76)
(22, 108)
(75, 153)
(56, 76)
(56, 76)
(88, 73)
(98, 74)
(21, 170)
(98, 70)
(52, 66)
(59, 63)
(31, 64)
(80, 65)
(41, 46)
(20, 52)
(23, 64)
(56, 76)
(100, 127)
(95, 58)
(17, 117)
(36, 40)
(51, 123)
(129, 34)
(56, 76)
(74, 59)
(68, 18)
(42, 48)
(62, 60)
(31, 143)
(117, 50)
(23, 108)
(56, 76)
(20, 56)
(31, 18)
(102, 67)
(65, 144)
(27, 146)
(50, 26)
(56, 76)
(75, 124)
(68, 150)
(56, 76)
(30, 136)
(174, 158)
(104, 126)
(42, 112)
(56, 76)
(41, 45)
(56, 76)
(35, 140)
(47, 51)
(92, 66)
(21, 40)
(28, 49)
(89, 67)
(40, 180)
(55, 72)
(56, 76)
(69, 115)
(56, 76)
(63, 58)
(81, 68)
(43, 27)
(20, 33)
(75, 120)
(56, 27)
(50, 50)
(56, 76)
(25, 69)
(71, 64)
(27, 127)
(56, 76)
(17, 67)
(145, 143)
(52, 19)
(33, 183)
(55, 147)
(19, 74)
(27, 17)
(24, 87)
(58, 169)
(23, 17)
(59, 141)
(76, 183)
(69, 62)
(56, 76)
(65, 19)
(48, 43)
(24, 103)
(23, 159)
(72, 139)
(18, 31)
(22, 118)
(79, 67)
(56, 76)
(56, 76)
(20, 45)
(30, 59)
(27, 56)
(71, 64)
(47, 40)
(32, 52)
(91, 67)
(103, 71)
(82, 117)
(91, 68)
(21, 35)
(69, 115)
(72, 180)
(30, 87)
(103, 59)
(49, 42)
(18, 53)
(39, 181)
(34, 180)
(39, 125)
(22, 179)
(55, 108)
(25, 85)
(154, 146)
(30, 71)
(18, 90)
(56, 76)
(56, 76)
(148, 62)
(56, 76)
(99, 123)
(80, 139)
(29, 53)
(80, 144)
(32, 54)
(47, 103)
(38, 175)
(59, 116)
(22, 118)
(91, 175)
(39, 50)
(69, 62)
(129, 157)
(72, 65)
(61, 26)
(19, 44)
(60, 166)
(113, 44)
(37, 143)
(155, 43)
(56, 76)
(69, 62)
(26, 58)
(100, 62)
(56, 76)
(23, 141)
(45, 47)
(17, 53)
(17, 91)
(58, 71)
(36, 29)
(56, 76)
(115, 130)
(53, 51)
(155, 163)
(42, 106)
(72, 176)
(39, 64)
(73, 66)
(53, 142)
(35, 177)
(69, 64)
(34, 31)
(47, 141)
(33, 81)
(73, 66)
(28, 34)
(25, 78)
(22, 126)
(19, 69)
(56, 76)
(128, 36)
(23, 166)
(64, 114)
(56, 76)
(92, 62)
(56, 76)
(18, 33)
(88, 163)
(56, 76)
(20, 148)
(56, 76)
(31, 132)
(38, 102)
(56, 76)
(32, 90)
(94, 161)
(49, 142)
(33, 50)
(46, 129)
(56, 76)
(70, 63)
(26, 169)
(25, 72)
(17, 106)
(24, 53)
(56, 76)
(60, 19)
(31, 73)
(56, 76)
(56, 76)
(32, 119)
(54, 117)
(53, 156)
(102, 77)
(92, 68)
(79, 135)
(68, 17)
(38, 58)
(19, 99)
(94, 72)
(56, 76)
(25, 78)
(23, 66)
(17, 77)
(104, 77)
(79, 115)
(34, 21)
(97, 75)
(49, 20)
(30, 50)
(31, 29)
(41, 179)
(76, 57)
(46, 43)
(37, 54)
(61, 23)
(68, 59)
(23, 75)
(19, 59)
(56, 76)
(56, 76)
(26, 77)
(21, 113)
(61, 25)
(20, 42)
(91, 73)
(70, 183)
(103, 74)
(90, 73)
(143, 24)
(103, 60)
(56, 76)
(53, 57)
(37, 35)
(58, 172)
(82, 63)
(67, 60)
(143, 142)
(33, 18)
(43, 172)
(39, 172)
(50, 136)
(48, 177)
(56, 76)
(56, 76)
(40, 38)
(150, 176)
(56, 76)
(27, 66)
(56, 76)
(75, 140)
(19, 74)
(56, 76)
(73, 66)
(60, 22)
(56, 76)
(72, 168)
(130, 24)
(17, 181)
(70, 63)
(30, 72)
(21, 159)
(125, 173)
(25, 61)
(24, 131)
(70, 63)
(33, 44)
(70, 63)
(56, 76)
(19, 67)
(24, 101)
(63, 66)
(28, 168)
(41, 66)
(25, 134)
(58, 114)
(19, 122)
(19, 152)
(70, 160)
(56, 76)
(60, 69)
(70, 60)
(56, 76)
(24, 22)
(34, 31)
(26, 24)
(23, 18)
(98, 58)
(107, 135)
(91, 67)
(23, 30)
(29, 18)
(56, 76)
(31, 21)
(54, 24)
(73, 66)
(18, 119)
(33, 180)
(49, 149)
(19, 128)
(17, 90)
(59, 112)
(21, 41)
(53, 146)
(27, 81)
(71, 120)
(47, 19)
(31, 104)
(158, 20)
(72, 149)
(23, 45)
(157, 181)
(36, 170)
(56, 76)
(22, 73)
(18, 46)
(28, 34)
(56, 76)
(56, 76)
(17, 72)
(17, 104)
(51, 29)
(56, 76)
(56, 76)
(18, 25)
(89, 67)
(18, 172)
(56, 76)
(18, 109)
(20, 51)
(42, 106)
(58, 115)
(27, 75)
(97, 65)
(17, 36)
(66, 63)
(24, 54)
(60, 176)
(56, 76)
(46, 19)
(17, 27)
(113, 151)
(55, 170)
(33, 34)
(56, 76)
(27, 108)
(19, 35)
(92, 72)
(21, 177)
(134, 149)
(56, 76)
(177, 165)
(28, 29)
(71, 64)
(73, 66)
(24, 74)
(56, 76)
(178, 19)
(75, 122)
(69, 60)
(30, 42)
(56, 76)
(60, 20)
(70, 111)
(18, 30)
(92, 65)
(55, 26)
(28, 89)
(56, 18)
(73, 66)
(126, 181)
(102, 76)
(19, 135)
(139, 47)
(47, 25)
(60, 66)
(47, 163)
(50, 42)
(27, 67)
(21, 141)
(56, 76)
(33, 23)
(35, 129)
(67, 63)
(21, 62)
(56, 76)
(30, 29)
(23, 28)
(97, 183)
(87, 72)
(42, 115)
(58, 169)
(38, 175)
(56, 76)
(68, 61)
(56, 76)
(155, 23)
(56, 76)
(18, 99)
(98, 77)
(39, 53)
(17, 54)
(35, 135)
(51, 49)
(143, 142)
(56, 76)
(90, 147)
(49, 20)
(44, 168)
(71, 56)
(56, 76)
(45, 65)
(172, 17)
(100, 70)
(33, 180)
(22, 53)
(27, 49)
(21, 79)
(88, 69)
(56, 76)
(93, 72)
(56, 76)
(66, 63)
(23, 29)
(50, 58)
(38, 175)
(56, 76)
(19, 51)
(56, 76)
(91, 70)
(52, 152)
(22, 103)
(63, 174)
(56, 76)
(27, 175)
(52, 129)
(77, 59)
(131, 27)
(56, 76)
(165, 168)
(23, 35)
(90, 66)
(26, 82)
(67, 152)
(31, 86)
(56, 180)
(88, 71)
(105, 80)
(37, 24)
(27, 61)
(62, 154)
(17, 78)
(56, 76)
(35, 164)
(46, 53)
(69, 60)
(23, 108)
(29, 61)
(34, 46)
(69, 115)
(160, 175)
(53, 114)
(73, 63)
(27, 106)
(56, 76)
(18, 29)
(130, 149)
(82, 131)
(88, 154)
(82, 146)
(17, 163)
(47, 177)
(122, 141)
(50, 59)
(82, 67)
(30, 60)
(67, 116)
(53, 71)
(54, 160)
(56, 76)
(50, 179)
(56, 76)
(24, 122)
(57, 169)
(23, 52)
(50, 58)
(45, 67)
(56, 76)
(56, 76)
(56, 76)
(18, 70)
(23, 159)
(57, 20)
(53, 65)
(56, 76)
(34, 21)
(54, 138)
(56, 76)
(92, 65)
(34, 37)
(113, 151)
(56, 76)
(146, 48)
(72, 64)
(25, 81)
(122, 133)
(21, 127)
(75, 60)
(38, 178)
(20, 176)
(78, 115)
(17, 79)
(56, 76)
(38, 175)
(56, 76)
(73, 66)
(151, 44)
(56, 76)
(56, 76)
(17, 19)
(97, 61)
(18, 63)
(59, 69)
(22, 74)
(19, 125)
(31, 81)
(56, 76)
(73, 62)
(42, 34)
(54, 171)
(28, 83)
(41, 46)
(180, 182)
(56, 76)
(25, 63)
(35, 163)
(20, 64)
(86, 68)
(22, 94)
(37, 57)
(105, 80)
(82, 66)
(56, 76)
(104, 77)
(18, 64)
(164, 181)
(97, 71)
(92, 124)
(34, 18)
(30, 161)
(68, 115)
(21, 30)
(30, 61)
(19, 40)
(22, 118)
(63, 181)
(163, 167)
(80, 127)
(91, 72)
(57, 149)
(56, 76)
(30, 96)
(20, 68)
(71, 64)
(31, 56)
(86, 68)
(27, 88)
(57, 22)
(41, 20)
(53, 59)
(56, 76)
(56, 76)
(121, 39)
(20, 63)
(50, 59)
(50, 33)
(51, 23)
(19, 31)
(55, 29)
(99, 73)
(40, 26)
(142, 18)
(52, 53)
(39, 49)
(52, 44)
(72, 159)
(19, 40)
(71, 64)
(19, 77)
(54, 177)
(56, 76)
(84, 66)
(47, 51)
(52, 35)
(23, 27)
(103, 176)
(42, 22)
(56, 76)
(56, 76)
(49, 20)
(55, 17)
(205, 181)
(29, 95)
(91, 73)
(56, 76)
(50, 39)
(94, 124)
(56, 76)
(17, 75)
(33, 64)
(44, 182)
(56, 76)
(91, 69)
(56, 76)
(109, 137)
(31, 175)
(46, 62)
(118, 154)
(72, 64)
(56, 76)
(18, 71)
(17, 108)
(88, 73)
(97, 76)
(105, 79)
(37, 46)
(99, 63)
(51, 67)
(36, 19)
(19, 31)
(63, 146)
(24, 22)
(26, 68)
(69, 129)
(143, 168)
(35, 35)
(45, 65)
(38, 28)
(87, 68)
(56, 76)
(47, 59)
(56, 76)
(39, 32)
(28, 153)
(90, 166)
(56, 76)
(21, 25)
(71, 64)
(27, 122)
(17, 78)
(64, 18)
(18, 66)
(42, 52)
(91, 64)
(32, 160)
(80, 66)
(56, 76)
(64, 58)
(24, 78)
(120, 178)
(37, 38)
(80, 68)
(22, 109)
(30, 66)
(82, 160)
(46, 67)
(24, 48)
(43, 174)
(69, 58)
(182, 166)
(17, 71)
(56, 76)
(32, 65)
(46, 67)
(17, 83)
(89, 72)
(73, 62)
(103, 76)
(17, 77)
(51, 21)
(94, 175)
(56, 76)
(77, 166)
(49, 122)
(68, 113)
(26, 89)
(26, 28)
(68, 164)
(58, 111)
(56, 76)
(52, 44)
(19, 44)
(20, 88)
(21, 40)
(56, 76)
(61, 109)
(86, 183)
(180, 181)
(42, 62)
(158, 177)
(33, 183)
(60, 183)
(18, 75)
(91, 72)
(30, 65)
(100, 53)
(116, 135)
(59, 25)
(56, 76)
(43, 52)
(45, 27)
(53, 50)
(17, 86)
(97, 131)
(24, 44)
(56, 76)
(32, 67)
(88, 133)
(116, 135)
(18, 39)
(100, 70)
(101, 67)
(18, 39)
(41, 121)
(50, 59)
(56, 76)
(26, 75)
(18, 61)
(56, 76)
(56, 76)
(17, 162)
(56, 76)
(28, 36)
(48, 27)
(30, 72)
(43, 53)
(53, 50)
(88, 143)
(54, 164)
(28, 180)
(28, 50)
(67, 20)
(35, 36)
(97, 168)
(45, 135)
(122, 176)
(31, 71)
(61, 21)
(56, 76)
(18, 135)
(61, 127)
(31, 25)
(23, 105)
(56, 180)
(19, 183)
(20, 41)
(53, 30)
(24, 64)
(126, 49)
(30, 172)
(56, 76)
(66, 134)
(76, 122)
(56, 76)
(52, 138)
(142, 54)
(39, 18)
(31, 173)
(31, 180)
(71, 113)
(56, 76)
(56, 76)
(144, 56)
(34, 53)
(158, 39)
(21, 27)
(25, 69)
(41, 113)
(33, 72)
(17, 174)
(28, 68)
(56, 76)
(56, 76)
(42, 36)
(54, 121)
(34, 52)
(40, 54)
(56, 76)
(18, 42)
(95, 59)
(39, 112)
(56, 76)
(31, 18)
(56, 76)
(31, 71)
(27, 174)
(22, 123)
(64, 58)
(33, 25)
(19, 135)
(56, 76)
(90, 69)
(132, 23)
(56, 76)
(40, 41)
(65, 19)
(56, 76)
(79, 129)
(56, 76)
(73, 66)
(33, 129)
(63, 142)
(22, 138)
(21, 62)
(51, 27)
(25, 78)
(33, 64)
(79, 69)
(64, 59)
(56, 76)
(18, 74)
(56, 76)
(69, 65)
(27, 64)
(49, 20)
(56, 76)
(28, 58)
(33, 176)
(21, 172)
(56, 76)
(53, 24)
(53, 53)
(37, 17)
(26, 21)
(31, 71)
(56, 76)
(53, 57)
(56, 76)
(36, 28)
(52, 37)
(22, 20)
(23, 17)
(148, 63)
(25, 73)
(36, 26)
(188, 103)
(40, 99)
(18, 168)
(48, 51)
(96, 74)
(70, 17)
(75, 67)
(23, 112)
(46, 106)
(19, 44)
(56, 76)
(79, 69)
(33, 72)
(28, 117)
(65, 59)
(56, 76)
(56, 76)
(149, 61)
(109, 135)
(56, 76)
(73, 131)
(34, 174)
(98, 129)
(24, 78)
(18, 76)
(21, 182)
(56, 76)
(156, 23)
(56, 76)
(23, 78)
(101, 78)
(44, 113)
(24, 39)
(26, 29)
(22, 76)
(72, 65)
(19, 173)
(38, 157)
(98, 66)
(40, 52)
(119, 46)
(30, 172)
(21, 30)
(64, 62)
(77, 115)
(22, 125)
(54, 112)
(101, 67)
(20, 114)
(99, 67)
(60, 67)
(20, 29)
(149, 61)
(78, 144)
(66, 159)
(47, 39)
(151, 166)
(98, 75)
(93, 69)
(111, 128)
(35, 157)
(56, 76)
(68, 18)
(56, 76)
(51, 118)
(31, 146)
(95, 126)
(56, 76)
(162, 33)
(52, 173)
(56, 76)
(26, 22)
(27, 58)
(56, 76)
(69, 111)
(96, 143)
(73, 66)
(17, 45)
(20, 82)
(56, 76)
(56, 76)
(70, 17)
(56, 76)
(69, 122)
(87, 177)
(35, 38)
(53, 136)
(19, 54)
(47, 151)
(49, 20)
(53, 31)
(24, 175)
(17, 50)
(98, 74)
(49, 70)
(99, 76)
(26, 50)
(113, 42)
(39, 33)
(37, 104)
(18, 167)
(136, 154)
(56, 69)
(83, 70)
(40, 55)
(40, 173)
(34, 183)
(18, 108)
(56, 76)
(27, 50)
(20, 29)
(24, 66)
(41, 103)
(32, 143)
(39, 17)
(61, 63)
(56, 76)
(31, 176)
(29, 173)
(38, 108)
(56, 76)
(56, 76)
(41, 113)
(99, 58)
(17, 53)
(35, 172)
(73, 66)
(19, 28)
(93, 70)
(41, 43)
(41, 113)
(123, 178)
(66, 128)
(26, 106)
(49, 29)
(72, 65)
(35, 18)
(31, 134)
(158, 25)
(56, 76)
(145, 160)
(61, 66)
(56, 76)
(102, 65)
(37, 47)
(56, 76)
(30, 176)
(28, 71)
(32, 24)
(47, 61)
(33, 70)
(65, 181)
(56, 76)
(32, 84)
(24, 80)
(47, 17)
(18, 31)
(209, 178)
(24, 63)
(20, 19)
(17, 88)
(17, 85)
(37, 18)
(56, 76)
(56, 76)
(73, 66)
(88, 73)
(37, 180)
(21, 62)
(56, 76)
(18, 174)
(55, 69)
(72, 65)
(21, 24)
(18, 31)
(62, 153)
(96, 68)
(156, 44)
(21, 171)
(48, 20)
(33, 133)
(72, 57)
(85, 71)
(27, 29)
(91, 73)
(79, 69)
(90, 65)
(30, 84)
(38, 37)
(90, 73)
(47, 68)
(80, 65)
(163, 95)
(100, 70)
(23, 30)
(57, 151)
(54, 180)
(56, 76)
(56, 76)
(21, 66)
(56, 76)
(49, 152)
(53, 59)
(62, 64)
(56, 76)
(38, 18)
(56, 76)
(135, 24)
(56, 76)
(27, 74)
(56, 76)
(34, 59)
(56, 76)
(19, 61)
(94, 174)
(41, 103)
(62, 25)
(82, 175)
(24, 63)
(124, 171)
(19, 142)
(52, 18)
(52, 19)
(91, 68)
(17, 23)
(73, 66)
(41, 66)
(23, 31)
(41, 129)
(49, 166)
(71, 161)
(20, 60)
(37, 21)
(42, 17)
(24, 44)
(56, 76)
(56, 76)
(27, 66)
(88, 73)
(32, 46)
(83, 69)
(103, 79)
(90, 68)
(76, 66)
(17, 22)
(103, 128)
(20, 74)
(91, 62)
(32, 17)
(18, 167)
(73, 66)
(168, 180)
(91, 151)
(56, 76)
(56, 76)
(73, 66)
(19, 117)
(56, 76)
(100, 62)
(72, 65)
(26, 177)
(56, 76)
(31, 24)
(31, 94)
(42, 116)
(43, 166)
(22, 51)
(56, 76)
(56, 76)
(100, 70)
(69, 17)
(25, 64)
(73, 66)
(17, 107)
(103, 68)
(28, 63)
(39, 174)
(32, 69)
(18, 174)
(29, 44)
(18, 22)
(33, 62)
(55, 17)
(102, 76)
(56, 76)
(71, 65)
(17, 34)
(24, 178)
(56, 76)
(24, 120)
(28, 137)
(56, 76)
(56, 76)
(33, 56)
(45, 27)
(56, 76)
(56, 76)
(56, 76)
(56, 76)
(66, 56)
(28, 50)
(21, 87)
(59, 140)
(102, 68)
(56, 76)
(41, 172)
(93, 67)
(19, 88)
(105, 173)
(56, 76)
(72, 65)
(91, 74)
(92, 62)
(56, 76)
(92, 62)
(20, 40)
(34, 51)
(111, 128)
(35, 154)
(138, 46)
(60, 64)
(29, 19)
(56, 76)
(23, 176)
(99, 75)
(109, 143)
(46, 50)
(48, 58)
(125, 180)
(25, 148)
(17, 107)
(19, 179)
(146, 151)
(22, 58)
(99, 75)
(27, 155)
(98, 69)
(18, 35)
(139, 141)
(56, 76)
(114, 40)
(39, 36)
(60, 124)
(17, 25)
(104, 169)
(79, 164)
(30, 55)
(72, 65)
(56, 76)
(21, 38)
(20, 45)
(113, 144)
(91, 62)
(56, 76)
(102, 68)
(150, 38)
(68, 114)
(29, 121)
(24, 45)
(56, 76)
(82, 67)
(103, 75)
(55, 72)
(27, 146)
(57, 17)
(56, 76)
(90, 73)
(29, 126)
(17, 91)
(56, 76)
(32, 17)
(70, 53)
(71, 57)
(56, 76)
(57, 22)
(56, 76)
(25, 28)
(76, 66)
(34, 112)
(56, 25)
(27, 138)
(28, 82)
(74, 61)
(53, 44)
(72, 65)
(57, 115)
(53, 57)
(18, 29)
(31, 83)
(73, 66)
(23, 79)
(73, 155)
(150, 176)
(74, 64)
(52, 70)
(17, 94)
(26, 68)
(53, 57)
(32, 17)
(56, 76)
(52, 70)
(52, 17)
(17, 136)
(50, 55)
(100, 70)
(72, 65)
(17, 36)
(23, 92)
(36, 24)
(20, 60)
(39, 29)
(56, 76)
(80, 69)
(42, 112)
(30, 66)
(56, 76)
(25, 166)
(56, 76)
(63, 21)
(22, 118)
(56, 76)
(48, 55)
(23, 55)
(56, 76)
(23, 128)
(48, 122)
(49, 63)
(102, 68)
(23, 82)
(44, 50)
(25, 96)
(46, 153)
(43, 33)
(35, 105)
(23, 56)
(35, 27)
(52, 19)
(69, 17)
(17, 41)
(54, 32)
(17, 50)
(31, 80)
(19, 42)
(56, 76)
(35, 27)
(81, 69)
(131, 44)
(56, 76)
(162, 17)
(54, 21)
(34, 45)
(64, 58)
(26, 171)
(37, 20)
(147, 48)
(19, 32)
(37, 175)
(46, 59)
(56, 76)
(27, 85)
(43, 62)
(62, 18)
(69, 18)
(20, 37)
(30, 83)
(18, 55)
(30, 60)
(120, 164)
(62, 183)
(32, 99)
(72, 66)
(25, 70)
(32, 17)
(78, 159)
(23, 81)
(28, 27)
(128, 30)
(99, 75)
(58, 65)
(84, 120)
(17, 132)
(94, 177)
(59, 140)
(66, 17)
(84, 181)
(48, 20)
(27, 26)
(107, 163)
(21, 100)
(66, 60)
(95, 64)
(17, 78)
(28, 74)
(66, 55)
(56, 76)
(72, 65)
(46, 20)
(72, 66)
(29, 135)
(130, 153)
(55, 170)
(68, 19)
(103, 126)
(72, 66)
(46, 20)
(78, 61)
(52, 39)
(150, 17)
(33, 62)
(45, 173)
(56, 76)
(56, 76)
(37, 174)
(73, 66)
(18, 113)
(58, 107)
(35, 31)
(53, 49)
(33, 25)
(64, 58)
(22, 177)
(41, 113)
(45, 138)
(17, 133)
(72, 66)
(44, 18)
(46, 43)
(56, 76)
(116, 39)
(30, 133)
(17, 158)
(17, 85)
(118, 147)
(50, 36)
(43, 21)
(73, 66)
(22, 93)
(55, 24)
(22, 89)
(51, 65)
(152, 159)
(56, 76)
(32, 53)
(58, 133)
(48, 174)
(60, 152)
(24, 119)
(37, 38)
(40, 139)
(57, 17)
(25, 79)
(24, 68)
(56, 76)
(162, 31)
(72, 65)
(77, 135)
(56, 76)
(73, 57)
(49, 26)
(49, 30)
(18, 40)
(18, 126)
(20, 84)
(105, 80)
(56, 76)
(30, 33)
(56, 76)
(17, 119)
(27, 179)
(23, 173)
(25, 80)
(82, 67)
(20, 45)
(39, 161)
(61, 18)
(68, 55)
(75, 64)
(19, 61)
(154, 160)
(23, 138)
(17, 51)
(53, 49)
(90, 72)
(18, 80)
(59, 27)
(56, 76)
(38, 18)
(35, 179)
(41, 17)
(56, 76)
(56, 76)
(141, 19)
(20, 96)
(56, 76)
(43, 24)
(91, 66)
(44, 47)
(130, 160)
(56, 76)
(33, 17)
(88, 73)
(37, 110)
(33, 155)
(24, 53)
(39, 26)
(59, 23)
(85, 141)
(51, 19)
(17, 63)
(56, 76)
(26, 51)
(86, 170)
(29, 71)
(33, 77)
(33, 95)
(18, 56)
(120, 134)
(56, 76)
(40, 135)
(17, 152)
(49, 57)
(56, 76)
(28, 56)
(66, 60)
(36, 58)
(94, 177)
(80, 64)
(92, 183)
(21, 101)
(88, 71)
(40, 57)
(80, 69)
(19, 69)
(63, 58)
(52, 71)
(43, 21)
(56, 76)
(56, 162)
(162, 34)
(40, 63)
(71, 59)
(56, 76)
(20, 70)
(174, 20)
(43, 103)
(47, 41)
(44, 47)
(33, 23)
(25, 40)
(37, 98)
(57, 24)
(56, 76)
(32, 24)
(100, 70)
(50, 161)
(57, 18)
(72, 54)
(29, 183)
(27, 90)
(17, 96)
(56, 76)
(17, 52)
(24, 69)
(18, 92)
(59, 67)
(63, 66)
(25, 130)
(88, 73)
(26, 29)
(25, 34)
(56, 76)
(44, 48)
(27, 17)
(56, 76)
(56, 76)
(81, 118)
(50, 24)
(56, 76)
(97, 179)
(50, 35)
(70, 63)
(21, 59)
(68, 17)
(18, 75)
(40, 106)
(19, 175)
(42, 49)
(72, 65)
(30, 22)
(56, 76)
(41, 174)
(34, 60)
(22, 39)
(56, 76)
(47, 19)
(50, 64)
(88, 71)
(72, 66)
(56, 76)
(68, 114)
(28, 50)
(19, 64)
(19, 82)
(54, 72)
(88, 71)
(20, 34)
(33, 78)
(17, 178)
(20, 162)
(56, 76)
(17, 37)
(74, 62)
(73, 66)
(56, 76)
(222, 174)
(119, 140)
(22, 151)
(56, 76)
(48, 114)
(19, 94)
(19, 31)
(47, 18)
(18, 53)
(20, 177)
(70, 58)
(44, 123)
(29, 61)
(17, 178)
(35, 18)
(30, 44)
(70, 55)
(17, 50)
(56, 76)
(33, 25)
(48, 175)
(20, 20)
(31, 57)
(17, 54)
(175, 163)
(56, 76)
(33, 60)
(62, 164)
(85, 120)
(28, 179)
(56, 76)
(27, 61)
(71, 53)
(69, 166)
(31, 17)
(25, 182)
(103, 77)
(56, 76)
(23, 42)
(25, 42)
(74, 56)
(170, 155)
(56, 76)
(54, 33)
(104, 78)
(27, 145)
(69, 177)
(54, 72)
(91, 65)
(54, 72)
(20, 168)
(30, 73)
(38, 28)
(72, 60)
(21, 128)
(33, 110)
(57, 178)
(17, 53)
(75, 57)
(56, 76)
(18, 162)
(56, 76)
(22, 175)
(24, 17)
(18, 30)
(95, 73)
(17, 173)
(43, 59)
(35, 178)
(63, 20)
(70, 63)
(47, 69)
(19, 98)
(101, 68)
(27, 183)
(100, 70)
(56, 76)
(17, 53)
(31, 28)
(69, 62)
(48, 21)
(97, 71)
(51, 21)
(56, 76)
(136, 150)
(99, 73)
(66, 59)
(20, 51)
(93, 63)
(32, 21)
(65, 59)
(22, 75)
(56, 76)
(47, 61)
(42, 60)
(63, 18)
(51, 52)
(17, 81)
(163, 34)
(94, 74)
(95, 66)
(89, 71)
(94, 74)
(18, 83)
(25, 51)
(27, 63)
(67, 156)
(56, 76)
(31, 77)
(43, 30)
(17, 78)
(23, 101)
(17, 26)
(26, 40)
(24, 27)
(45, 21)
(18, 72)
(44, 48)
(124, 152)
(49, 58)
(69, 61)
(30, 49)
(115, 183)
(17, 92)
(44, 104)
(19, 174)
(88, 71)
(54, 72)
(72, 65)
(65, 59)
(73, 54)
(32, 24)
(91, 63)
(30, 92)
(56, 76)
(39, 22)
(29, 21)
(56, 76)
(175, 18)
(50, 43)
(56, 76)
(21, 143)
(29, 74)
(101, 72)
(17, 19)
(56, 76)
(27, 80)
(27, 45)
(17, 91)
(64, 22)
(93, 71)
(72, 65)
(17, 53)
(129, 41)
(20, 74)
(73, 66)
(17, 63)
(56, 76)
(37, 181)
(70, 62)
(46, 20)
(73, 66)
(56, 76)
(21, 56)
(56, 76)
(25, 84)
(83, 71)
(17, 55)
(56, 76)
(72, 66)
(90, 65)
(56, 76)
(56, 76)
(56, 76)
(64, 23)
(20, 177)
(28, 29)
(56, 76)
(41, 44)
(17, 172)
(41, 159)
(151, 34)
(18, 27)
(56, 76)
(18, 27)
(73, 66)
(35, 18)
(58, 183)
(92, 70)
(68, 119)
(22, 137)
(21, 168)
(56, 76)
(47, 113)
(62, 110)
(17, 97)
(93, 165)
(120, 132)
(32, 173)
(41, 120)
(32, 84)
(53, 54)
(73, 66)
(73, 66)
(48, 159)
(56, 76)
(39, 153)
(144, 153)
(44, 151)
(26, 80)
(47, 112)
(25, 178)
(56, 76)
(94, 69)
(56, 76)
(56, 76)
(17, 44)
(42, 49)
(23, 29)
(56, 76)
(51, 166)
(17, 176)
(17, 176)
(17, 23)
(17, 65)
(43, 37)
(30, 170)
(21, 51)
(21, 171)
(25, 28)
(65, 146)
(128, 144)
(71, 136)
(56, 76)
(28, 69)
(128, 28)
(111, 172)
(23, 50)
(19, 98)
(60, 69)
(51, 21)
(28, 111)
(27, 75)
(56, 76)
(54, 67)
(76, 168)
(37, 166)
(39, 159)
(75, 66)
(30, 48)
(39, 20)
(18, 71)
(21, 123)
(26, 175)
(91, 65)
(40, 65)
(74, 65)
(21, 36)
(44, 66)
(17, 98)
(34, 24)
(56, 76)
(56, 76)
(56, 76)
(33, 162)
(33, 40)
(56, 76)
(29, 25)
(38, 20)
(56, 76)
(56, 168)
(56, 76)
(33, 74)
(88, 70)
(26, 41)
(26, 53)
(17, 49)
(35, 50)
(18, 56)
(20, 52)
(22, 26)
(28, 174)
(56, 76)
(58, 19)
(100, 68)
(60, 120)
(69, 61)
(51, 70)
(27, 55)
(58, 69)
(56, 76)
(73, 66)
(62, 65)
(149, 145)
(22, 47)
(35, 107)
(38, 27)
(29, 48)
(60, 69)
(56, 76)
(50, 47)
(21, 44)
(18, 62)
(18, 56)
(33, 146)
(46, 116)
(35, 172)
(103, 70)
(18, 84)
(93, 155)
(60, 69)
(95, 65)
(17, 158)
(25, 51)
(105, 80)
(17, 35)
(86, 119)
(143, 51)
(103, 73)
(53, 156)
(79, 61)
(23, 153)
(41, 177)
(17, 128)
(56, 76)
(20, 21)
(95, 75)
(56, 76)
(21, 56)
(210, 172)
(56, 76)
(56, 76)
(33, 183)
(56, 76)
(56, 76)
(144, 17)
(56, 76)
(33, 70)
(17, 159)
(60, 68)
(56, 76)
(46, 102)
(17, 33)
(51, 53)
(19, 153)
(54, 116)
(68, 61)
(28, 41)
(65, 168)
(70, 178)
(43, 135)
(19, 51)
(48, 35)
(21, 55)
(70, 63)
(36, 166)
(56, 76)
(90, 72)
(97, 183)
(29, 105)
(30, 64)
(96, 183)
(56, 76)
(34, 37)
(21, 47)
(25, 106)
(56, 76)
(30, 63)
(18, 73)
(48, 107)
(100, 172)
(102, 69)
(93, 73)
(51, 68)
(17, 87)
(33, 111)
(19, 98)
(29, 76)
(56, 76)
(18, 28)
(53, 43)
(21, 62)
(41, 169)
(81, 120)
(105, 79)
(28, 80)
(135, 141)
(95, 161)
(33, 57)
(50, 47)
(26, 80)
(20, 60)
(132, 154)
(56, 76)
(56, 76)
(17, 52)
(18, 18)
(26, 55)
(48, 63)
(17, 52)
(33, 55)
(158, 41)
(26, 80)
(158, 41)
(69, 63)
(89, 73)
(158, 41)
(148, 162)
(17, 52)
(62, 138)
(35, 38)
(56, 72)
(19, 32)
(56, 76)
(106, 127)
(17, 64)
(21, 33)
(17, 55)
(25, 151)
(56, 76)
(56, 76)
(31, 126)
(96, 132)
(27, 87)
(26, 41)
(99, 124)
(17, 50)
(17, 68)
(17, 78)
(101, 76)
(56, 76)
(53, 22)
(32, 57)
(73, 66)
(73, 63)
(66, 60)
(136, 26)
(56, 76)
(100, 64)
(17, 171)
(33, 24)
(59, 181)
(18, 78)
(31, 24)
(56, 76)
(41, 178)
(22, 169)
(43, 53)
(19, 24)
(18, 157)
(40, 43)
(37, 62)
(47, 106)
(72, 65)
(66, 20)
(17, 17)
(56, 76)
(30, 68)
(56, 76)
(17, 141)
(22, 39)
(58, 63)
(21, 146)
(50, 20)
(17, 70)
(91, 71)
(56, 76)
(29, 66)
(91, 66)
(128, 181)
(101, 67)
(56, 76)
(28, 18)
(31, 46)
(116, 55)
(151, 65)
(158, 41)
(17, 18)
(34, 22)
(28, 18)
(68, 175)
(56, 76)
(72, 65)
(72, 65)
(60, 69)
(56, 76)
(80, 67)
(61, 17)
(22, 76)
(27, 52)
(53, 41)
(42, 36)
(18, 71)
(28, 18)
(30, 43)
(19, 48)
(23, 100)
(91, 65)
(76, 62)
(68, 62)
(25, 37)
(23, 104)
(59, 128)
(33, 61)
(26, 80)
(125, 180)
(55, 24)
(30, 130)
(22, 76)
(81, 64)
(68, 59)
(22, 52)
(39, 31)
(66, 18)
(17, 59)
(56, 76)
(56, 76)
(36, 46)
(66, 61)
(56, 76)
(55, 23)
(19, 49)
(20, 110)
(68, 62)
(34, 41)
(89, 68)
(39, 115)
(53, 71)
(20, 18)
(88, 65)
(56, 76)
(70, 62)
(165, 30)
(126, 163)
(39, 20)
(117, 135)
(17, 49)
(18, 81)
(148, 154)
(30, 75)
(53, 64)
(19, 174)
(26, 111)
(71, 63)
(26, 48)
(100, 53)
(36, 63)
(34, 41)
(27, 81)
(56, 76)
(31, 17)
(58, 26)
(32, 36)
(73, 66)
(88, 73)
(63, 24)
(19, 44)
(56, 76)
(30, 25)
(22, 160)
(166, 155)
(72, 61)
(39, 55)
(69, 62)
(22, 48)
(53, 71)
(56, 76)
(36, 17)
(41, 26)
(56, 76)
(20, 122)
(27, 51)
(101, 70)
(32, 94)
(52, 33)
(53, 29)
(56, 76)
(17, 56)
(47, 57)
(17, 71)
(56, 76)
(52, 47)
(172, 24)
(23, 62)
(27, 18)
(43, 146)
(20, 102)
(195, 175)
(33, 45)
(44, 134)
(70, 135)
(136, 40)
(101, 71)
(68, 168)
(69, 62)
(17, 168)
(92, 67)
(67, 112)
(115, 45)
(56, 76)
(56, 76)
(105, 80)
(24, 28)
(56, 76)
(85, 70)
(31, 18)
(23, 133)
(56, 76)
(54, 71)
(18, 64)
(19, 87)
(27, 17)
(17, 169)
(56, 76)
(17, 44)
(55, 18)
(41, 29)
(33, 88)
(103, 78)
(49, 19)
(154, 17)
(51, 59)
(24, 79)
(57, 20)
(20, 108)
(174, 24)
(63, 23)
(116, 144)
(40, 54)
(18, 49)
(56, 76)
(89, 129)
(43, 37)
(28, 79)
(79, 60)
(52, 35)
(40, 26)
(72, 63)
(56, 76)
(26, 27)
(134, 170)
(34, 21)
(56, 76)
(70, 63)
(53, 23)
(55, 18)
(56, 76)
(75, 58)
(84, 70)
(24, 137)
(164, 151)
(103, 76)
(31, 118)
(73, 66)
(102, 78)
(56, 76)
(21, 79)
(54, 72)
(73, 66)
(22, 120)
(23, 83)
(63, 58)
(64, 58)
(56, 76)
(72, 65)
(63, 58)
(28, 30)
(39, 20)
(17, 78)
(18, 17)
(23, 49)
(26, 86)
(56, 76)
(21, 48)
(25, 66)
(30, 55)
(76, 66)
(56, 76)
(64, 59)
(51, 25)
(26, 51)
(31, 86)
(56, 76)
(19, 52)
(67, 60)
(18, 53)
(56, 76)
(88, 71)
(188, 183)
(31, 30)
(92, 133)
(66, 59)
(56, 76)
(17, 70)
(100, 70)
(54, 72)
(17, 54)
(131, 24)
(56, 76)
(61, 22)
(54, 71)
(19, 54)
(17, 100)
(69, 62)
(29, 97)
(17, 29)
(88, 72)
(84, 169)
(56, 76)
(69, 54)
(17, 57)
(21, 92)
(21, 88)
(60, 69)
(55, 66)
(100, 71)
(72, 65)
(56, 76)
(117, 54)
(88, 73)
(56, 76)
(56, 76)
(17, 71)
(92, 61)
(57, 27)
(68, 19)
(34, 30)
(53, 69)
(25, 131)
(71, 64)
(63, 58)
(63, 58)
(25, 28)
(54, 67)
(145, 38)
(101, 127)
(48, 166)
(86, 68)
(19, 107)
(93, 62)
(46, 35)
(18, 62)
(47, 22)
(87, 120)
(50, 24)
(23, 45)
(17, 20)
(90, 70)
(17, 56)
(64, 20)
(87, 70)
(23, 63)
(35, 47)
(25, 137)
(30, 52)
(71, 60)
(56, 76)
(71, 65)
(27, 51)
(28, 73)
(117, 52)
(73, 66)
(28, 22)
(73, 65)
(100, 70)
(63, 58)
(56, 76)
(17, 147)
(57, 18)
(25, 69)
(34, 49)
(29, 139)
(99, 74)
(17, 46)
(68, 61)
(90, 121)
(56, 76)
(56, 76)
(31, 18)
(17, 68)
(97, 70)
(94, 65)
(104, 77)
(56, 76)
(18, 103)
(23, 61)
(103, 50)
(24, 87)
(17, 27)
(62, 19)
(27, 107)
(56, 76)
(88, 73)
(56, 76)
(17, 37)
(56, 76)
(72, 66)
(56, 76)
(56, 76)
(24, 17)
(17, 59)
(17, 82)
(72, 65)
(75, 178)
(36, 179)
(101, 71)
(33, 68)
(63, 58)
(56, 76)
(85, 68)
(91, 67)
(56, 76)
(56, 76)
(72, 66)
(67, 56)
(34, 19)
(57, 19)
(92, 66)
(91, 62)
(71, 65)
(23, 76)
(32, 54)
(161, 30)
(115, 130)
(22, 68)
(18, 40)
(18, 43)
(17, 71)
(56, 76)
(61, 62)
(52, 57)
(56, 76)
(56, 76)
(73, 166)
(58, 19)
(25, 49)
(19, 137)
(148, 153)
(72, 65)
(19, 31)
(17, 173)
(83, 67)
(34, 171)
(63, 17)
(67, 60)
(51, 61)
(37, 115)
(98, 134)
(56, 76)
(56, 76)
(56, 76)
(24, 56)
(42, 24)
(34, 100)
(29, 77)
(102, 69)
(69, 61)
(57, 30)
(71, 64)
(17, 28)
(21, 54)
(102, 65)
(72, 65)
(51, 19)
(49, 65)
(18, 146)
(18, 70)
(47, 17)
(23, 52)
(20, 45)
(38, 19)
(173, 23)
(81, 170)
(47, 52)
(24, 17)
(31, 40)
(69, 63)
(56, 76)
(56, 76)
(17, 38)
(117, 56)
(17, 88)
(67, 63)
(39, 169)
(24, 37)
(100, 171)
(29, 97)
(26, 66)
(159, 45)
(56, 76)
(89, 70)
(59, 66)
(40, 55)
(27, 183)
(92, 68)
(22, 64)
(20, 74)
(25, 174)
(56, 76)
(18, 32)
(18, 50)
(54, 72)
(61, 22)
(19, 31)
(49, 22)
(36, 21)
(37, 139)
(20, 32)
(59, 172)
(149, 61)
(56, 76)
(70, 63)
(91, 65)
(21, 25)
(55, 19)
(20, 66)
(23, 62)
(71, 64)
(26, 151)
(17, 93)
(56, 76)
(24, 53)
(39, 41)
(32, 181)
(56, 76)
(56, 76)
(151, 17)
(72, 65)
(56, 76)
(55, 113)
(56, 76)
(103, 58)
(37, 109)
(35, 18)
(59, 17)
(99, 77)
(57, 20)
(29, 40)
(26, 32)
(21, 50)
(44, 180)
(163, 95)
(17, 24)
(46, 50)
(56, 76)
(92, 66)
(29, 32)
(33, 79)
(55, 128)
(70, 54)
(36, 175)
(56, 76)
(24, 101)
(50, 55)
(73, 66)
(18, 107)
(17, 168)
(31, 52)
(69, 159)
(17, 70)
(72, 58)
(67, 18)
(56, 169)
(28, 49)
(34, 53)
(61, 141)
(31, 118)
(76, 62)
(42, 48)
(71, 59)
(148, 22)
(100, 53)
(47, 22)
(30, 34)
(52, 51)
(23, 95)
(56, 76)
(56, 76)
(56, 76)
(22, 54)
(31, 98)
(90, 70)
(149, 24)
(80, 65)
(25, 34)
(20, 73)
(73, 66)
(33, 119)
(25, 34)
(31, 93)
(23, 89)
(34, 20)
(18, 27)
(101, 169)
(56, 76)
(75, 123)
(49, 70)
(17, 33)
(56, 31)
(70, 17)
(30, 137)
(17, 46)
(19, 25)
(26, 61)
(89, 140)
(53, 19)
(56, 76)
(54, 109)
(20, 74)
(73, 66)
(100, 66)
(20, 73)
(62, 24)
(56, 76)
(31, 46)
(56, 76)
(56, 76)
(53, 174)
(55, 22)
(20, 85)
(160, 43)
(21, 157)
(39, 163)
(70, 65)
(92, 61)
(51, 38)
(56, 76)
(58, 24)
(17, 44)
(37, 24)
(56, 76)
(18, 56)
(41, 64)
(96, 67)
(49, 128)
(41, 43)
(53, 20)
(35, 32)
(30, 24)
(59, 63)
(26, 183)
(26, 29)
(54, 20)
(24, 25)
(91, 63)
(70, 62)
(89, 70)
(18, 54)
(54, 17)
(150, 65)
(56, 76)
(95, 62)
(56, 76)
(21, 27)
(56, 76)
(89, 72)
(56, 76)
(56, 28)
(56, 76)
(38, 20)
(56, 76)
(27, 73)
(30, 58)
(90, 70)
(70, 115)
(22, 95)
(51, 60)
(27, 81)
(100, 73)
(56, 76)
(32, 31)
(42, 67)
(24, 45)
(63, 58)
(27, 49)
(23, 77)
(56, 76)
(56, 76)
(31, 62)
(66, 18)
(30, 17)
(73, 66)
(41, 43)
(70, 61)
(37, 169)
(192, 182)
(63, 58)
(17, 59)
(20, 69)
(70, 58)
(19, 30)
(133, 164)
(56, 76)
(56, 76)
(100, 73)
(129, 26)
(73, 162)
(17, 137)
(56, 76)
(17, 79)
(52, 150)
(97, 69)
(103, 71)
(56, 76)
(100, 78)
(93, 62)
(19, 98)
(56, 76)
(22, 66)
(26, 60)
(111, 48)
(53, 57)
(21, 63)
(51, 27)
(131, 37)
(39, 24)
(17, 34)
(34, 20)
(43, 19)
(17, 168)
(73, 66)
(48, 21)
(90, 69)
(17, 55)
(34, 18)
(98, 74)
(56, 76)
(139, 44)
(45, 40)
(21, 34)
(25, 173)
(56, 76)
(62, 19)
(31, 79)
(103, 77)
(56, 76)
(119, 180)
(47, 175)
(36, 49)
(42, 23)
(19, 78)
(63, 24)
(19, 42)
(56, 76)
(21, 117)
(56, 76)
(103, 78)
(54, 71)
(18, 55)
(56, 76)
(65, 18)
(17, 50)
(66, 59)
(56, 76)
(25, 173)
(56, 76)
(33, 40)
(18, 72)
(52, 47)
(59, 69)
(103, 50)
(25, 34)
(33, 71)
(54, 30)
(17, 79)
(70, 61)
(56, 76)
(59, 27)
(56, 76)
(25, 74)
(95, 73)
(43, 56)
(98, 66)
(43, 19)
(56, 76)
(18, 121)
(56, 76)
(104, 176)
(31, 160)
(17, 107)
(37, 56)
(56, 76)
(106, 167)
(56, 76)
(66, 61)
(117, 132)
(67, 55)
(40, 181)
(34, 17)
(56, 76)
(56, 76)
(56, 76)
(86, 71)
(61, 26)
(19, 55)
(68, 64)
(132, 25)
(203, 169)
(40, 104)
(58, 21)
(23, 55)
(56, 76)
(20, 112)
(63, 58)
(132, 160)
(79, 155)
(27, 61)
(25, 32)
(56, 76)
(102, 77)
(24, 53)
(56, 76)
(122, 42)
(39, 59)
(56, 76)
(56, 76)
(56, 76)
(56, 76)
(52, 33)
(48, 63)
(69, 18)
(119, 52)
(26, 49)
(63, 58)
(56, 76)
(97, 65)
(64, 21)
(68, 61)
(30, 106)
(44, 22)
(75, 63)
(35, 128)
(56, 76)
(18, 123)
(56, 76)
(19, 18)
(26, 19)
(56, 76)
(36, 56)
(122, 32)
(18, 30)
(59, 69)
(53, 24)
(18, 55)
(43, 141)
(56, 76)
(27, 165)
(17, 67)
(56, 76)
(96, 68)
(24, 46)
(102, 69)
(67, 60)
(65, 56)
(17, 31)
(19, 94)
(31, 54)
(56, 76)
(56, 76)
(18, 32)
(56, 76)
(118, 142)
(18, 74)
(32, 76)
(90, 180)
(32, 24)
(66, 60)
(17, 59)
(21, 30)
(18, 60)
(53, 18)
(18, 25)
(56, 76)
(47, 173)
(56, 76)
(56, 76)
(25, 53)
(56, 76)
(56, 76)
(101, 55)
(22, 168)
(56, 76)
(103, 79)
(27, 49)
(56, 73)
(43, 64)
(75, 57)
(24, 42)
(56, 76)
(29, 45)
(79, 69)
(90, 66)
(68, 61)
(66, 20)
(56, 76)
(20, 63)
(82, 63)
(23, 71)
(28, 78)
(38, 22)
(97, 182)
(91, 65)
(191, 166)
(42, 156)
(80, 155)
(31, 69)
(37, 20)
(36, 49)
(49, 56)
(97, 73)
(28, 50)
(46, 26)
(68, 63)
(56, 76)
(106, 131)
(23, 42)
(90, 64)
(48, 60)
(33, 81)
(41, 44)
(79, 69)
(56, 76)
(37, 30)
(56, 76)
(19, 177)
(60, 131)
(34, 55)
(102, 76)
(104, 79)
(52, 111)
(17, 82)
(63, 58)
(84, 70)
(91, 137)
(49, 23)
(38, 117)
(19, 107)
(56, 76)
(32, 51)
(88, 73)
(56, 76)
(32, 80)
(90, 64)
(38, 27)
(150, 69)
(94, 167)
(56, 76)
(63, 175)
(57, 24)
(183, 175)
(64, 18)
(28, 87)
(30, 31)
(60, 65)
(44, 39)
(32, 67)
(17, 33)
(31, 31)
(51, 59)
(51, 183)
(96, 64)
(18, 34)
(69, 62)
(30, 52)
(29, 68)
(27, 17)
(56, 76)
(23, 47)
(56, 17)
(72, 66)
(56, 76)
(22, 170)
(54, 30)
(72, 66)
(64, 19)
(25, 96)
(56, 76)
(48, 52)
(104, 79)
(56, 76)
(44, 148)
(28, 56)
(91, 66)
(50, 30)
(41, 17)
(51, 45)
(65, 61)
(30, 93)
(37, 25)
(30, 48)
(56, 76)
(68, 64)
(56, 76)
(20, 73)
(18, 58)
(67, 60)
(67, 60)
(41, 17)
(93, 67)
(56, 19)
(56, 76)
(103, 78)
(56, 76)
(64, 22)
(56, 76)
(56, 76)
(26, 28)
(26, 59)
(41, 66)
(23, 56)
(17, 47)
(56, 76)
(73, 66)
(56, 76)
(24, 56)
(56, 76)
(75, 58)
(81, 153)
(55, 67)
(101, 77)
(98, 77)
(56, 76)
(24, 65)
(40, 24)
(59, 63)
(31, 58)
(43, 67)
(44, 57)
(53, 181)
(72, 66)
(20, 71)
(60, 69)
(99, 73)
(18, 55)
(18, 47)
(55, 20)
(147, 24)
(56, 76)
(53, 57)
(23, 55)
(56, 76)
(56, 76)
(56, 76)
(38, 103)
(23, 106)
(56, 76)
(35, 38)
(26, 50)
(44, 23)
(66, 18)
(56, 76)
(22, 23)
(59, 171)
(19, 60)
(67, 61)
(37, 108)
(43, 24)
(67, 55)
(40, 37)
(174, 177)
(23, 62)
(130, 32)
(18, 101)
(30, 75)
(84, 68)
(34, 63)
(126, 52)
(17, 52)
(95, 72)
(48, 23)
(51, 29)
(29, 77)
(91, 62)
(56, 76)
(48, 22)
(28, 28)
(23, 69)
(70, 63)
(68, 180)
(20, 71)
(18, 90)
(23, 38)
(57, 106)
(56, 76)
(67, 55)
(88, 66)
(56, 76)
(65, 17)
(48, 118)
(56, 76)
(63, 17)
(69, 18)
(161, 22)
(56, 76)
(56, 76)
(39, 17)
(44, 19)
(62, 19)
(82, 70)
(29, 56)
(61, 68)
(52, 43)
(57, 21)
(17, 74)
(56, 76)
(56, 76)
(35, 49)
(21, 25)
(56, 76)
(21, 41)
(30, 21)
(17, 75)
(20, 19)
(58, 63)
(39, 52)
(20, 26)
(57, 71)
(80, 69)
(19, 19)
(48, 59)
(23, 46)
(17, 56)
(98, 76)
(18, 32)
(173, 162)
(67, 61)
(26, 73)
(26, 17)
(29, 77)
(75, 60)
(121, 136)
(71, 66)
(93, 134)
(116, 55)
(56, 76)
(22, 76)
(30, 52)
(18, 93)
(21, 24)
(18, 38)
(36, 32)
(49, 30)
(56, 76)
(31, 72)
(18, 36)
(72, 65)
(129, 50)
(24, 81)
(56, 76)
(30, 33)
(24, 79)
(55, 19)
(102, 130)
(72, 62)
(63, 17)
(89, 72)
(56, 76)
(112, 47)
(36, 47)
(31, 24)
(56, 76)
(72, 60)
(55, 118)
(56, 76)
(92, 64)
(21, 50)
(56, 76)
(30, 60)
(26, 133)
(26, 172)
(56, 76)
(110, 179)
(30, 78)
(39, 62)
(24, 18)
(32, 17)
(56, 76)
(56, 76)
(63, 119)
(56, 76)
(55, 23)
(28, 70)
(31, 104)
(56, 76)
(18, 160)
(40, 109)
(34, 41)
(53, 57)
(31, 74)
(56, 76)
(56, 76)
(56, 76)
(58, 18)
(18, 170)
(56, 76)
(91, 64)
(103, 133)
(97, 69)
(39, 17)
(32, 36)
(48, 47)
(65, 59)
(135, 19)
(23, 55)
(59, 171)
(24, 85)
(17, 51)
(54, 33)
(66, 18)
(28, 21)
(102, 62)
(182, 160)
(41, 31)
(51, 27)
(56, 76)
(36, 23)
(56, 76)
(21, 35)
(38, 38)
(56, 76)
(22, 35)
(23, 49)
(94, 65)
(63, 58)
(21, 48)
(23, 61)
(36, 30)
(91, 74)
(56, 76)
(18, 159)
(23, 17)
(91, 66)
(29, 62)
(47, 64)
(25, 53)
(73, 59)
(22, 120)
(72, 65)
(56, 76)
(17, 36)
(30, 30)
(51, 17)
(40, 65)
(29, 87)
(100, 72)
(71, 59)
(17, 87)
(54, 19)
(82, 69)
(56, 76)
(56, 76)
(39, 17)
(18, 44)
(70, 63)
(56, 76)
(54, 67)
(56, 76)
(49, 35)
(91, 62)
(56, 76)
(24, 20)
(28, 63)
(17, 62)
(52, 71)
(25, 41)
(17, 70)
(43, 38)
(90, 73)
(18, 42)
(17, 18)
(30, 53)
(70, 17)
(63, 17)
(25, 28)
(51, 19)
(71, 64)
(68, 61)
(56, 76)
(17, 98)
(21, 157)
(56, 76)
(41, 49)
(57, 68)
(56, 76)
(56, 76)
(19, 52)
(26, 34)
(56, 76)
(66, 59)
(64, 17)
(56, 76)
(41, 25)
(24, 34)
(21, 105)
(73, 66)
(91, 62)
(150, 155)
(102, 71)
(56, 76)
(56, 76)
(130, 137)
(56, 76)
(17, 64)
(58, 69)
(56, 76)
(51, 68)
(26, 26)
(18, 36)
(70, 17)
(33, 102)
(104, 77)
(39, 46)
(109, 47)
(106, 126)
(179, 162)
(37, 43)
(163, 20)
(36, 55)
(33, 86)
(21, 66)
(53, 37)
(72, 59)
(18, 162)
(22, 45)
(56, 76)
(148, 57)
(80, 171)
(69, 61)
(56, 76)
(20, 80)
(26, 74)
(56, 76)
(19, 51)
(39, 64)
(56, 76)
(73, 57)
(31, 19)
(56, 76)
(54, 25)
(54, 71)
(91, 62)
(24, 30)
(45, 134)
(56, 76)
(27, 38)
(28, 173)
(19, 85)
(28, 28)
(24, 117)
(19, 84)
(127, 168)
(35, 22)
(63, 59)
(56, 76)
(121, 48)
(196, 172)
(114, 43)
(55, 18)
(21, 173)
(19, 73)
(17, 120)
(62, 23)
(57, 20)
(90, 73)
(76, 114)
(56, 76)
(17, 51)
(56, 76)
(73, 66)
(39, 177)
(31, 25)
(90, 72)
(55, 71)
(36, 19)
(153, 49)
(124, 29)
(56, 76)
(56, 76)
(42, 19)
(88, 73)
(27, 114)
(48, 45)
(121, 148)
(38, 37)
(93, 140)
(17, 149)
(55, 72)
(56, 76)
(56, 76)
(27, 52)
(17, 34)
(50, 33)
(56, 76)
(18, 84)
(56, 76)
(72, 61)
(64, 122)
(28, 41)
(56, 76)
(61, 19)
(19, 111)
(39, 58)
(20, 67)
(153, 23)
(53, 36)
(34, 20)
(72, 66)
(90, 66)
(56, 76)
(56, 76)
(50, 19)
(56, 76)
(18, 34)
(56, 76)
(17, 27)
(126, 27)
(17, 35)
(29, 50)
(24, 56)
(56, 76)
(43, 107)
(137, 20)
(19, 88)
(52, 69)
(23, 109)
(22, 72)
(66, 59)
(24, 165)
(28, 47)
(17, 34)
(153, 163)
(17, 90)
(56, 76)
(48, 22)
(21, 69)
(17, 55)
(74, 58)
(23, 58)
(20, 63)
(35, 63)
(20, 68)
(90, 64)
(25, 23)
(41, 20)
(68, 120)
(17, 89)
(56, 76)
(87, 66)
(56, 76)
(33, 75)
(56, 76)
(56, 76)
(70, 63)
(39, 111)
(19, 51)
(56, 76)
(72, 65)
(64, 122)
(17, 50)
(26, 93)
(56, 76)
(67, 18)
(25, 66)
(56, 76)
(47, 17)
(56, 76)
(34, 43)
(26, 26)
(63, 60)
(117, 42)
(56, 76)
(55, 21)
(37, 62)
(56, 76)
(23, 28)
(32, 26)
(28, 51)
(28, 64)
(19, 59)
(46, 56)
(37, 47)
(17, 26)
(22, 56)
(28, 111)
(68, 59)
(95, 71)
(17, 92)
(72, 58)
(25, 55)
(22, 59)
(23, 39)
(73, 66)
(41, 133)
(45, 67)
(31, 40)
(56, 76)
(73, 66)
(54, 17)
(17, 85)
(75, 61)
(56, 76)
(24, 73)
(57, 109)
(40, 42)
(30, 50)
(87, 66)
(59, 21)
(45, 131)
(32, 62)
(20, 56)
(17, 49)
(17, 24)
(56, 76)
(28, 25)
(19, 24)
(34, 60)
(24, 54)
(37, 118)
(17, 50)
(114, 146)
(91, 68)
(49, 32)
(42, 63)
(22, 64)
(45, 174)
(38, 52)
(24, 32)
(23, 50)
(82, 66)
(167, 159)
(59, 154)
(28, 91)
(23, 27)
(56, 17)
(50, 48)
(21, 27)
(45, 41)
(56, 76)
(56, 76)
(23, 56)
(56, 76)
(104, 77)
(48, 63)
(55, 111)
(56, 76)
(56, 76)
(55, 68)
(56, 76)
(44, 57)
(28, 107)
(24, 54)
(58, 21)
(74, 62)
(102, 51)
(104, 77)
(56, 76)
(18, 161)
(100, 73)
(23, 104)
(37, 22)
(17, 60)
(64, 168)
(56, 76)
(90, 69)
(24, 74)
(51, 67)
(53, 169)
(89, 70)
(19, 54)
(47, 47)
(33, 18)
(55, 169)
(135, 25)
(44, 19)
(135, 38)
(56, 76)
(41, 24)
(52, 18)
(56, 76)
(24, 68)
(56, 76)
(163, 34)
(49, 27)
(21, 158)
(150, 160)
(88, 71)
(190, 180)
(17, 52)
(56, 76)
(17, 18)
(17, 178)
(38, 22)
(51, 19)
(29, 21)
(68, 61)
(167, 157)
(40, 19)
(56, 76)
(29, 90)
(45, 106)
(65, 19)
(48, 29)
(56, 76)
(20, 83)
(24, 20)
(47, 34)
(60, 140)
(66, 60)
(26, 17)
(56, 76)
(87, 69)
(17, 102)
(17, 52)
(90, 63)
(147, 42)
(56, 76)
(211, 182)
(54, 23)
(72, 66)
(31, 25)
(19, 46)
(56, 76)
(26, 177)
(172, 22)
(25, 63)
(29, 65)
(100, 134)
(50, 118)
(19, 48)
(56, 76)
(37, 38)
(24, 49)
(56, 76)
(28, 182)
(18, 70)
(43, 24)
(50, 69)
(38, 114)
(21, 56)
(116, 177)
(27, 57)
(23, 19)
(26, 73)
(17, 18)
(17, 59)
(17, 131)
(17, 46)
(54, 18)
(18, 59)
(33, 27)
(22, 100)
(24, 54)
(100, 72)
(47, 68)
(85, 163)
(73, 65)
(48, 56)
(17, 46)
(38, 28)
(68, 61)
(72, 65)
(19, 59)
(56, 76)
(72, 60)
(56, 76)
(46, 44)
(102, 57)
(42, 53)
(44, 66)
(56, 76)
(56, 76)
(58, 17)
(99, 77)
(102, 72)
(38, 46)
(22, 178)
(56, 29)
(30, 56)
(17, 71)
(22, 76)
(19, 168)
(23, 101)
(26, 52)
(56, 76)
(67, 60)
(48, 56)
(43, 31)
(29, 49)
(18, 116)
(89, 66)
(91, 68)
(31, 64)
(56, 76)
(46, 25)
(27, 20)
(45, 25)
(88, 120)
(24, 42)
(51, 63)
(17, 77)
(27, 43)
(56, 76)
(33, 48)
(37, 29)
(50, 26)
(111, 129)
(17, 68)
(24, 113)
(112, 47)
(68, 59)
(86, 154)
(48, 24)
(59, 19)
(105, 79)
(56, 76)
(103, 78)
(41, 26)
(18, 87)
(91, 65)
(57, 70)
(51, 30)
(81, 62)
(24, 67)
(37, 182)
(58, 21)
(146, 22)
(30, 30)
(25, 42)
(25, 22)
(115, 130)
(25, 39)
(86, 71)
(18, 22)
(56, 76)
(103, 78)
(93, 65)
(56, 76)
(20, 78)
(50, 55)
(19, 86)
(20, 25)
(48, 41)
(148, 54)
(73, 64)
(73, 57)
(21, 54)
(104, 125)
(41, 63)
(57, 18)
(27, 95)
(57, 23)
(63, 58)
(56, 76)
(26, 17)
(21, 31)
(18, 26)
(68, 17)
(72, 53)
(71, 64)
(73, 66)
(40, 62)
(20, 33)
(47, 19)
(56, 76)
(43, 19)
(54, 71)
(26, 27)
(41, 46)
(19, 66)
(60, 17)
(74, 62)
(19, 31)
(164, 19)
(50, 64)
(56, 76)
(57, 17)
(85, 163)
(17, 48)
(56, 76)
(51, 44)
(43, 17)
(18, 116)
(69, 138)
(56, 76)
(124, 168)
(20, 160)
(129, 139)
(23, 96)
(105, 143)
(56, 76)
(53, 64)
(57, 111)
(56, 76)
(56, 76)
(56, 76)
(17, 25)
(56, 76)
(56, 76)
(27, 18)
(56, 76)
(56, 76)
(74, 58)
(17, 106)
(128, 25)
(20, 45)
(24, 54)
(35, 64)
(34, 59)
(183, 90)
(18, 44)
(39, 42)
(56, 76)
(28, 40)
(56, 76)
(17, 112)
(23, 98)
(45, 42)
(17, 108)
(48, 49)
(45, 64)
(28, 24)
(60, 20)
(20, 78)
(17, 63)
(17, 40)
(68, 129)
(52, 69)
(53, 19)
(56, 76)
(20, 30)
(17, 25)
(34, 35)
(73, 66)
(42, 63)
(60, 25)
(67, 60)
(25, 60)
(56, 76)
(27, 154)
(24, 73)
(41, 43)
(18, 25)
(56, 76)
(41, 52)
(149, 58)
(54, 17)
(56, 76)
(53, 25)
(164, 17)
(23, 36)
(35, 21)
(26, 43)
(39, 39)
(17, 168)
(45, 63)
(56, 76)
(42, 27)
(46, 21)
(29, 78)
(34, 49)
(56, 76)
(62, 110)
(92, 151)
(56, 76)
(25, 17)
(61, 64)
(76, 67)
(223, 177)
(18, 56)
(82, 130)
(50, 49)
(56, 76)
(56, 76)
(56, 76)
(25, 96)
(44, 56)
(20, 62)
(69, 59)
(47, 22)
(56, 76)
(56, 76)
(32, 50)
(69, 62)
(17, 17)
(18, 137)
(46, 180)
(35, 29)
(19, 81)
(18, 45)
(56, 76)
(47, 172)
(17, 168)
(88, 73)
(29, 64)
(19, 32)
(21, 84)
(56, 76)
(56, 76)
(18, 53)
(56, 76)
(56, 76)
(51, 70)
(47, 18)
(56, 76)
(56, 76)
(56, 76)
(38, 59)
(108, 47)
(50, 36)
(29, 66)
(47, 22)
(59, 21)
(27, 65)
(66, 59)
(45, 17)
(32, 37)
(20, 75)
(56, 76)
(100, 71)
(104, 77)
(29, 28)
(56, 76)
(52, 55)
(69, 62)
(59, 17)
(37, 17)
(24, 54)
(58, 19)
(25, 59)
(22, 56)
(39, 26)
(40, 65)
(21, 37)
(29, 183)
(17, 87)
(25, 44)
(17, 35)
(99, 60)
(19, 43)
(19, 71)
(21, 28)
(28, 79)
(26, 49)
(21, 102)
(60, 129)
(144, 57)
(21, 136)
(66, 126)
(57, 133)
(22, 149)
(56, 76)
(134, 177)
(134, 22)
(61, 66)
(50, 179)
(53, 71)
(145, 22)
(36, 43)
(56, 76)
(92, 71)
(101, 63)
(103, 77)
(31, 21)
(33, 114)
(23, 62)
(90, 66)
(35, 20)
(41, 47)
(56, 19)
(34, 59)
(99, 67)
(28, 64)
(26, 32)
(31, 149)
(31, 46)
(42, 17)
(105, 79)
(56, 76)
(56, 76)
(46, 57)
(26, 120)
(17, 68)
(32, 61)
(32, 18)
(23, 169)
(22, 183)
(43, 19)
(56, 76)
(103, 77)
(43, 17)
(29, 70)
(17, 145)
(102, 134)
(59, 26)
(48, 66)
(49, 58)
(18, 41)
(52, 20)
(52, 55)
(56, 76)
(56, 76)
(39, 59)
(104, 79)
(56, 76)
(91, 72)
(26, 28)
(30, 172)
(57, 17)
(70, 62)
(56, 76)
(17, 24)
(51, 62)
(56, 76)
(91, 62)
(32, 81)
(56, 76)
(33, 27)
(69, 62)
(72, 66)
(56, 76)
(103, 78)
(52, 17)
(28, 42)
(56, 76)
(29, 36)
(30, 74)
(56, 76)
(25, 63)
(41, 99)
(47, 19)
(19, 73)
(51, 23)
(73, 59)
(43, 136)
(56, 76)
(44, 49)
(36, 18)
(68, 132)
(70, 179)
(102, 78)
(45, 57)
(43, 31)
(89, 66)
(87, 69)
(32, 91)
(70, 63)
(18, 57)
(72, 65)
(28, 59)
(72, 66)
(17, 47)
(150, 44)
(44, 68)
(19, 47)
(55, 71)
(17, 90)
(159, 41)
(56, 76)
(23, 18)
(46, 17)
(19, 89)
(69, 61)
(56, 76)
(56, 76)
(52, 42)
(56, 76)
(56, 76)
(34, 60)
(69, 58)
(83, 133)
(53, 31)
(102, 131)
(65, 17)
(21, 18)
(92, 63)
(37, 18)
(102, 59)
(51, 48)
(31, 78)
(56, 76)
(74, 56)
(56, 76)
(122, 57)
(90, 65)
(61, 24)
(19, 79)
(23, 60)
(19, 78)
(56, 76)
(40, 49)
(36, 50)
(48, 133)
(24, 37)
(28, 72)
(18, 19)
(56, 76)
(18, 23)
(25, 45)
(56, 76)
(56, 18)
(88, 68)
(35, 38)
(22, 62)
(19, 114)
(33, 163)
(33, 71)
(56, 76)
(62, 23)
(21, 54)
(56, 76)
(54, 23)
(20, 126)
(20, 39)
(70, 63)
(47, 19)
(65, 59)
(22, 32)
(56, 76)
(56, 76)
(91, 72)
(56, 76)
(17, 65)
(29, 92)
(17, 102)
(17, 112)
(91, 74)
(23, 29)
(56, 76)
(30, 22)
(17, 96)
(56, 76)
(29, 64)
(56, 76)
(56, 76)
(56, 76)
(52, 57)
(56, 76)
(56, 76)
(56, 76)
(47, 19)
(70, 63)
(17, 29)
(88, 68)
(90, 63)
(39, 28)
(17, 68)
(17, 25)
(53, 60)
(48, 57)
(56, 76)
(40, 110)
(19, 45)
(27, 60)
(17, 24)
(19, 89)
(20, 46)
(191, 80)
(19, 44)
(145, 25)
(56, 76)
(56, 76)
(56, 18)
(63, 110)
(72, 65)
(56, 76)
(56, 76)
(39, 17)
(18, 48)
(30, 40)
(59, 17)
(150, 22)
(53, 60)
(56, 76)
(32, 80)
(61, 67)
(100, 77)
(103, 51)
(23, 62)
(56, 76)
(18, 143)
(47, 24)
(26, 52)
(17, 30)
(33, 67)
(47, 68)
(50, 165)
(52, 31)
(87, 69)
(17, 18)
(44, 55)
(104, 78)
(56, 76)
(29, 168)
(21, 120)
(45, 52)
(66, 61)
(65, 21)
(49, 18)
(48, 35)
(56, 76)
(27, 22)
(56, 76)
(56, 76)
(56, 76)
(21, 22)
(26, 27)
(27, 19)
(30, 143)
(64, 19)
(17, 17)
(39, 26)
(56, 76)
(20, 31)
(56, 76)
(17, 24)
(25, 128)
(56, 76)
(109, 131)
(72, 65)
(43, 67)
(128, 135)
(89, 68)
(56, 76)
(27, 34)
(56, 76)
(17, 60)
(30, 55)
(66, 17)
(128, 31)
(20, 53)
(42, 19)
(17, 81)
(177, 20)
(17, 26)
(91, 72)
(70, 63)
(56, 76)
(28, 112)
(68, 61)
(19, 161)
(59, 17)
(25, 170)
(50, 57)
(56, 76)
(37, 25)
(63, 58)
(60, 69)
(55, 18)
(65, 17)
(92, 66)
(65, 17)
(56, 76)
(56, 76)
(56, 76)
(56, 76)
(56, 76)
(56, 76)
(33, 44)
(28, 73)
(95, 62)
(56, 76)
(60, 24)
(65, 18)
(53, 25)
(71, 65)
(69, 17)
(56, 76)
(39, 37)
(56, 17)
(59, 18)
(42, 28)
(26, 17)
(18, 98)
(50, 45)
(90, 73)
(51, 66)
(56, 76)
(63, 17)
(56, 76)
(72, 56)
(17, 81)
(56, 76)
(46, 45)
(56, 76)
(20, 33)
(56, 76)
(45, 22)
(136, 145)
(64, 17)
(130, 40)
(22, 26)
(26, 54)
(49, 70)
(18, 52)
(90, 71)
(43, 34)
(25, 41)
(21, 34)
(29, 25)
(56, 76)
(20, 31)
(33, 20)
(21, 79)
(111, 42)
(102, 78)
(52, 40)
(56, 76)
(55, 19)
(87, 68)
(46, 23)
(161, 21)
(59, 68)
(115, 43)
(17, 53)
(51, 20)
(69, 53)
(22, 70)
(174, 25)
(86, 119)
(41, 22)
(53, 52)
(23, 25)
(65, 20)
(40, 21)
(33, 53)
(56, 76)
(56, 76)
(56, 76)
(27, 39)
(128, 148)
(20, 31)
(45, 24)
(90, 63)
(47, 18)
(103, 78)
(17, 77)
(21, 78)
(48, 18)
(70, 60)
(149, 66)
(57, 17)
(53, 57)
(45, 17)
(30, 91)
(21, 94)
(22, 60)
(56, 67)
(56, 76)
(41, 45)
(29, 64)
(21, 46)
(95, 70)
(91, 71)
(103, 67)
(68, 56)
(147, 63)
(56, 76)
(56, 76)
(41, 18)
(34, 57)
(25, 53)
(90, 66)
(18, 157)
(142, 150)
(38, 30)
(69, 61)
(56, 119)
(18, 109)
(118, 149)
(49, 36)
(66, 117)
(65, 21)
(20, 31)
(91, 62)
(27, 17)
(24, 54)
(56, 76)
(152, 18)
(56, 76)
(46, 22)
(55, 18)
(61, 23)
(66, 18)
(36, 42)
(19, 70)
(18, 169)
(62, 18)
(18, 95)
(37, 34)
(71, 64)
(65, 121)
(26, 61)
(25, 80)
(65, 64)
(56, 76)
(21, 31)
(37, 32)
(56, 76)
(50, 62)
(58, 26)
(87, 70)
(56, 76)
(135, 19)
(56, 76)
(56, 76)
(27, 53)
(70, 65)
(85, 122)
(17, 90)
(167, 32)
(19, 55)
(56, 76)
(18, 47)
(148, 56)
(91, 65)
(79, 63)
(19, 74)
(34, 100)
(28, 72)
(51, 33)
(56, 76)
(41, 43)
(40, 51)
(28, 19)
(18, 50)
(20, 26)
(63, 58)
(102, 78)
(56, 76)
(56, 76)
(71, 64)
(40, 65)
(56, 76)
(31, 75)
(17, 101)
(97, 68)
(45, 171)
(56, 76)
(56, 76)
(71, 58)
(51, 33)
(20, 35)
(155, 19)
(45, 55)
(56, 76)
(91, 67)
(21, 66)
(56, 76)
(56, 76)
(17, 38)
(29, 70)
(21, 76)
(28, 45)
(27, 76)
(47, 178)
(23, 29)
(24, 29)
(70, 63)
(19, 32)
(17, 95)
(48, 55)
(56, 76)
(52, 23)
(71, 64)
(49, 26)
(24, 53)
(47, 126)
(17, 90)
(23, 86)
(18, 182)
(54, 71)
(103, 71)
(18, 66)
(172, 24)
(66, 173)
(60, 69)
(24, 75)
(72, 63)
(18, 49)
(51, 60)
(33, 36)
(18, 27)
(25, 99)
(22, 149)
(69, 17)
(32, 171)
(43, 42)
(41, 45)
(51, 67)
(88, 65)
(23, 84)
(58, 21)
(47, 67)
(133, 21)
(32, 27)
(56, 76)
(21, 66)
(33, 68)
(56, 76)
(33, 21)
(21, 157)
(56, 76)
(56, 20)
(52, 60)
(55, 112)
(30, 20)
(23, 56)
(67, 118)
(83, 71)
(27, 73)
(18, 37)
(20, 47)
(25, 79)
(17, 71)
(56, 76)
(20, 30)
(52, 21)
(53, 69)
(48, 33)
(59, 67)
(56, 76)
(144, 19)
(18, 34)
(70, 165)
(56, 76)
(117, 39)
(91, 67)
(69, 61)
(68, 61)
(56, 76)
(52, 51)
(24, 40)
(91, 67)
(203, 89)
(26, 65)
(67, 110)
(72, 54)
(25, 79)
(33, 69)
(166, 159)
(56, 76)
(56, 76)
(20, 41)
(20, 41)
(52, 36)
(70, 63)
(23, 60)
(53, 69)
(56, 76)
(92, 63)
(20, 71)
(63, 17)
(23, 111)
(144, 159)
(98, 62)
(20, 159)
(106, 126)
(25, 79)
(21, 66)
(56, 76)
(51, 54)
(103, 131)
(17, 33)
(164, 23)
(160, 18)
(45, 62)
(22, 36)
(58, 117)
(33, 24)
(72, 62)
(56, 76)
(49, 66)
(24, 56)
(17, 37)
(22, 54)
(18, 38)
(69, 61)
(56, 76)
(56, 76)
(26, 79)
(56, 76)
(21, 73)
(20, 102)
(35, 57)
(56, 76)
(17, 82)
(54, 70)
(70, 65)
(17, 18)
(72, 65)
(18, 88)
(33, 63)
(56, 76)
(98, 73)
(19, 158)
(80, 130)
(97, 67)
(65, 64)
(18, 56)
(138, 183)
(27, 30)
(33, 67)
(25, 79)
(50, 17)
(70, 56)
(17, 61)
(55, 31)
(20, 142)
(103, 72)
(17, 61)
(90, 70)
(40, 141)
(48, 68)
(89, 64)
(33, 20)
(71, 55)
(56, 76)
(65, 18)
(31, 25)
(144, 57)
(56, 76)
(49, 64)
(56, 76)
(26, 102)
(19, 19)
(29, 71)
(18, 37)
(58, 18)
(19, 61)
(61, 24)
(17, 23)
(17, 18)
(21, 31)
(56, 76)
(53, 167)
(32, 20)
(17, 18)
(17, 61)
(24, 71)
(18, 136)
(45, 24)
(27, 36)
(20, 96)
(19, 22)
(18, 45)
(19, 91)
(19, 180)
(49, 36)
(73, 66)
(17, 72)
(26, 175)
(55, 17)
(20, 51)
(55, 18)
(73, 56)
(45, 36)
(47, 146)
(17, 88)
(33, 21)
(34, 56)
(87, 67)
(60, 108)
(56, 76)
(44, 19)
(22, 94)
(53, 28)
(22, 58)
(56, 76)
(97, 61)
(45, 60)
(21, 84)
(29, 78)
(56, 76)
(40, 30)
(99, 128)
(29, 42)
(26, 60)
(25, 143)
(20, 33)
(51, 62)
(56, 76)
(51, 55)
(60, 17)
(20, 170)
(17, 58)
(184, 112)
(24, 63)
(40, 37)
(17, 129)
(124, 30)
(87, 67)
(25, 53)
(127, 36)
(38, 18)
(56, 76)
(30, 27)
(17, 35)
(92, 62)
(48, 38)
(18, 80)
(102, 135)
(56, 76)
(57, 17)
(56, 76)
(30, 46)
(19, 48)
(38, 59)
(76, 59)
(17, 61)
(53, 57)
(56, 76)
(33, 41)
(32, 32)
(136, 31)
(56, 76)
(34, 63)
(39, 65)
(91, 74)
(56, 76)
(49, 66)
(128, 159)
(115, 43)
(45, 25)
(56, 76)
(51, 140)
(59, 18)
(29, 25)
(154, 37)
(72, 66)
(43, 146)
(56, 76)
(73, 66)
(27, 53)
(35, 17)
(137, 27)
(50, 173)
(59, 67)
(56, 76)
(31, 50)
(20, 44)
(30, 71)
(64, 62)
(56, 76)
(20, 43)
(27, 46)
(51, 140)
(63, 58)
(27, 58)
(33, 29)
(30, 46)
(18, 159)
(22, 63)
(19, 34)
(56, 76)
(91, 66)
(123, 34)
(25, 55)
(27, 114)
(115, 175)
(18, 93)
(20, 54)
(33, 35)
(47, 18)
(28, 83)
(30, 128)
(56, 76)
(23, 84)
(56, 76)
(56, 76)
(32, 54)
(56, 76)
(42, 66)
(70, 131)
(45, 60)
(52, 63)
(70, 128)
(17, 26)
(91, 70)
(75, 64)
(49, 29)
(69, 62)
(23, 86)
(25, 103)
(21, 52)
(90, 63)
(53, 58)
(56, 76)
(31, 125)
(17, 48)
(17, 17)
(59, 17)
(20, 90)
(36, 17)
(52, 18)
(70, 17)
(65, 59)
(34, 17)
(97, 56)
(93, 65)
(17, 61)
(103, 78)
(56, 76)
(51, 44)
(56, 76)
(44, 64)
(17, 22)
(99, 69)
(17, 47)
(17, 18)
(32, 163)
(56, 76)
(24, 17)
(42, 17)
(56, 76)
(40, 105)
(54, 24)
(21, 24)
(56, 76)
(83, 66)
(56, 76)
(56, 76)
(56, 76)
(17, 61)
(17, 61)
(52, 17)
(72, 65)
(144, 22)
(56, 76)
(19, 69)
(60, 64)
(21, 47)
(76, 117)
(25, 175)
(58, 18)
(46, 52)
(19, 47)
(42, 63)
(120, 41)
(38, 110)
(70, 56)
(82, 67)
(56, 76)
(44, 23)
(56, 76)
(60, 26)
(17, 85)
(55, 72)
(56, 76)
(25, 99)
(64, 21)
(27, 78)
(97, 76)
(39, 49)
(56, 19)
(56, 76)
(56, 76)
(56, 76)
(43, 108)
(89, 64)
(26, 17)
(25, 40)
(90, 72)
(56, 76)
(23, 88)
(18, 143)
(56, 76)
(56, 73)
(52, 41)
(48, 35)
(17, 18)
(159, 23)
(131, 44)
(40, 51)
(24, 166)
(19, 108)
(70, 63)
(17, 100)
(105, 79)
(32, 46)
(37, 41)
(85, 69)
(60, 18)
(24, 93)
(32, 83)
(67, 60)
(17, 61)
(36, 165)
(48, 36)
(92, 61)
(33, 22)
(56, 76)
(56, 76)
(46, 18)
(56, 17)
(29, 84)
(56, 76)
(45, 64)
(56, 76)
(32, 173)
(26, 17)
(65, 59)
(90, 63)
(53, 58)
(49, 25)
(56, 76)
(90, 71)
(17, 64)
(21, 94)
(56, 76)
(56, 76)
(26, 87)
(98, 73)
(31, 51)
(61, 18)
(57, 111)
(23, 69)
(56, 76)
(36, 18)
(60, 177)
(26, 58)
(47, 111)
(36, 43)
(21, 61)
(17, 21)
(66, 59)
(162, 176)
(90, 68)
(58, 66)
(17, 41)
(30, 63)
(60, 64)
(17, 61)
(25, 79)
(67, 60)
(56, 76)
(19, 48)
(20, 91)
(18, 136)
(56, 76)
(57, 30)
(43, 62)
(28, 25)
(17, 90)
(19, 25)
(59, 70)
(73, 66)
(56, 76)
(43, 19)
(56, 76)
(35, 18)
(56, 76)
(25, 156)
(23, 86)
(56, 76)
(59, 17)
(43, 146)
(27, 54)
(17, 65)
(90, 63)
(24, 74)
(49, 68)
(55, 25)
(37, 18)
(104, 78)
(52, 23)
(69, 61)
(41, 18)
(98, 77)
(29, 77)
(37, 17)
(132, 37)
(56, 71)
(56, 76)
(43, 19)
(56, 76)
(52, 60)
(56, 76)
(23, 90)
(19, 32)
(29, 118)
(21, 68)
(37, 63)
(21, 25)
(68, 18)
(57, 64)
(56, 76)
(71, 55)
(88, 73)
(166, 21)
(56, 76)
(25, 77)
(55, 31)
(22, 59)
(55, 115)
(87, 67)
(25, 79)
(33, 79)
(33, 80)
(54, 72)
(60, 164)
(46, 45)
(60, 25)
(70, 63)
(17, 42)
(55, 31)
(30, 79)
(41, 146)
(56, 76)
(60, 69)
(22, 56)
(39, 19)
(86, 72)
(101, 134)
(51, 68)
(145, 17)
(90, 65)
(91, 67)
(56, 76)
(18, 41)
(56, 76)
(18, 38)
(56, 76)
(36, 30)
(65, 59)
(48, 32)
(56, 76)
(29, 25)
(50, 58)
(48, 105)
(69, 17)
(56, 76)
(149, 29)
(31, 19)
(91, 72)
(41, 29)
(92, 64)
(54, 67)
(30, 178)
(52, 46)
(56, 76)
(43, 144)
(56, 76)
(37, 41)
(41, 23)
(46, 22)
(113, 43)
(53, 56)
(56, 76)
(45, 28)
(17, 25)
(21, 59)
(50, 54)
(38, 64)
(20, 33)
(20, 25)
(73, 63)
(22, 79)
(56, 76)
(91, 67)
(67, 60)
(75, 67)
(63, 60)
(62, 133)
(45, 21)
(45, 21)
(30, 63)
(27, 61)
(40, 168)
(176, 165)
(40, 149)
(72, 65)
(47, 59)
(89, 64)
(100, 70)
(73, 66)
(59, 24)
(58, 22)
(56, 76)
(56, 76)
(27, 37)
(56, 76)
(19, 23)
(27, 71)
(34, 21)
(162, 25)
(52, 19)
(56, 76)
(21, 34)
(56, 76)
(56, 76)
(56, 76)
(25, 79)
(24, 24)
(20, 34)
(72, 64)
(22, 26)
(56, 76)
(56, 76)
(17, 19)
(33, 68)
(56, 76)
(66, 63)
(56, 76)
(136, 29)
(17, 27)
(51, 59)
(46, 17)
(31, 52)
(99, 71)
(105, 80)
(72, 170)
(33, 79)
(103, 57)
(56, 76)
(92, 66)
(56, 76)
(86, 68)
(25, 117)
(22, 21)
(67, 60)
(60, 61)
(19, 41)
(45, 19)
(28, 47)
(56, 76)
(34, 34)
(20, 75)
(44, 176)
(91, 70)
(17, 17)
(17, 91)
(41, 177)
(70, 181)
(17, 18)
(33, 81)
(42, 26)
(68, 60)
(55, 32)
(21, 66)
(18, 178)
(26, 32)
(17, 43)
(22, 27)
(73, 66)
(36, 47)
(97, 176)
(32, 171)
(34, 41)
(30, 21)
(88, 67)
(52, 31)
(34, 98)
(53, 56)
(28, 52)
(56, 76)
(72, 58)
(68, 57)
(25, 27)
(20, 59)
(18, 140)
(22, 37)
(56, 76)
(26, 77)
(43, 52)
(61, 19)
(60, 17)
(56, 76)
(36, 33)
(24, 44)
(56, 76)
(56, 76)
(17, 61)
(21, 25)
(39, 57)
(73, 66)
(69, 61)
(28, 25)
(56, 76)
(23, 24)
(94, 72)
(18, 38)
(47, 58)
(19, 165)
(76, 180)
(17, 34)
(140, 18)
(70, 65)
(17, 18)
(31, 78)
(17, 97)
(56, 76)
(24, 101)
(55, 32)
(25, 34)
(43, 65)
(17, 31)
(116, 53)
(32, 57)
(51, 71)
(21, 42)
(56, 76)
(60, 23)
(63, 18)
(20, 17)
(17, 26)
(56, 76)
(19, 137)
(23, 46)
(63, 17)
(21, 31)
(59, 18)
(17, 25)
(102, 143)
(56, 76)
(63, 24)
(91, 122)
(21, 44)
(17, 42)
(56, 76)
(56, 76)
(56, 76)
(90, 178)
(45, 49)
(85, 70)
(17, 61)
(27, 22)
(53, 174)
(42, 63)
(19, 96)
(17, 91)
(77, 142)
(18, 67)
(65, 19)
(55, 21)
(17, 78)
(21, 158)
(20, 150)
(46, 27)
(26, 51)
(56, 76)
(23, 86)
(150, 181)
(101, 53)
(63, 58)
(56, 76)
(53, 52)
(40, 44)
(56, 76)
(73, 66)
(33, 31)
(62, 25)
(20, 86)
(90, 70)
(56, 76)
(56, 76)
(28, 180)
(22, 34)
(51, 26)
(24, 42)
(20, 57)
(56, 76)
(99, 64)
(49, 22)
(166, 20)
(20, 94)
(56, 76)
(56, 76)
(91, 65)
(27, 17)
(62, 17)
(25, 73)
(69, 62)
(19, 53)
(67, 17)
(17, 61)
(91, 70)
(56, 76)
(69, 57)
(147, 57)
(27, 32)
(56, 76)
(41, 20)
(20, 20)
(18, 30)
(44, 30)
(30, 74)
(21, 54)
(24, 70)
(66, 18)
(56, 76)
(115, 175)
(58, 21)
(127, 27)
(66, 59)
(33, 80)
(67, 60)
(56, 76)
(56, 68)
(18, 55)
(72, 65)
(24, 144)
(100, 67)
(102, 167)
(100, 70)
(88, 65)
(56, 76)
(18, 23)
(56, 76)
(31, 23)
(66, 59)
(68, 19)
(17, 52)
(30, 32)
(120, 59)
(57, 30)
(69, 62)
(56, 76)
(70, 63)
(56, 76)
(57, 30)
(17, 61)
(91, 64)
(56, 76)
(56, 76)
(56, 76)
(56, 76)
(21, 59)
(17, 40)
(87, 70)
(56, 76)
(52, 44)
(25, 18)
(73, 59)
(54, 23)
(40, 54)
(18, 59)
(19, 49)
(100, 76)
(56, 76)
(29, 71)
(49, 70)
(19, 135)
(56, 76)
(49, 22)
(17, 29)
(34, 63)
(21, 125)
(56, 76)
(34, 55)
(56, 76)
(56, 76)
(91, 160)
(56, 76)
(21, 66)
(69, 54)
(52, 52)
(21, 29)
(26, 30)
(19, 40)
(17, 26)
(17, 81)
(23, 30)
(19, 51)
(21, 31)
(56, 76)
(56, 76)
(53, 71)
(56, 76)
(26, 52)
(71, 64)
(71, 64)
(40, 168)
(17, 70)
(28, 34)
(20, 88)
(56, 76)
(30, 171)
(56, 76)
(24, 183)
(56, 76)
(56, 76)
(80, 68)
