(22, 69)
(30, 94)
(65, 17)
(18, 21)
(55, 21)
(89, 72)
(66, 59)
(58, 26)
(38, 26)
(21, 120)
(29, 79)
(41, 19)
(63, 58)
(99, 70)
(24, 54)
(24, 20)
(26, 28)
(56, 76)
(56, 76)
(18, 63)
(70, 63)
(18, 63)
(24, 90)
(104, 77)
(73, 66)
(61, 20)
(56, 76)
(72, 66)
(43, 24)
(144, 27)
(56, 76)
(48, 69)
(37, 55)
(87, 145)
(65, 59)
(30, 18)
(56, 76)
(103, 78)
(70, 52)
(52, 57)
(56, 76)
(20, 31)
(56, 76)
(17, 60)
(99, 62)
(56, 76)
(27, 122)
(56, 76)
(56, 76)
(49, 21)
(17, 170)
(57, 19)
(25, 53)
(71, 55)
(56, 76)
(22, 56)
(17, 32)
(56, 76)
(40, 50)
(56, 76)
(24, 86)
(52, 55)
(56, 76)
(24, 171)
(21, 37)
(26, 70)
(56, 76)
(19, 38)
(56, 76)
(18, 36)
(56, 76)
(65, 59)
(56, 76)
(25, 30)
(56, 76)
(43, 137)
(56, 76)
(56, 76)
(45, 27)
(54, 20)
(23, 44)
(103, 78)
(92, 61)
(32, 125)
(59, 17)
(27, 78)
(29, 34)
(23, 58)
(21, 105)
(165, 96)
(56, 76)
(85, 120)
(70, 63)
(55, 71)
(147, 151)
(25, 34)
(39, 20)
(104, 77)
(56, 76)
(56, 76)
(21, 96)
(53, 34)
(56, 76)
(17, 54)
(28, 49)
(25, 76)
(99, 72)
(91, 67)
(53, 41)
(104, 77)
(68, 61)
(58, 27)
(97, 64)
(26, 40)
(50, 112)
(56, 76)
(56, 76)
(18, 73)
(56, 76)
(56, 76)
(23, 77)
(56, 76)
(19, 24)
(73, 66)
(154, 36)
(19, 63)
(17, 71)
(26, 37)
(68, 61)
(82, 66)
(109, 183)
(60, 63)
(71, 63)
(50, 56)
(56, 76)
(102, 71)
(41, 64)
(37, 127)
(27, 18)
(102, 78)
(23, 63)
(53, 38)
(99, 71)
(150, 67)
(37, 179)
(44, 53)
(52, 60)
(56, 76)
(69, 62)
(47, 59)
(56, 76)
(56, 76)
(56, 76)
(21, 177)
(39, 21)
(68, 57)
(67, 64)
(65, 60)
(28, 59)
(23, 55)
(56, 76)
(103, 74)
(53, 70)
(20, 153)
(89, 64)
(71, 64)
(63, 58)
(96, 154)
(46, 19)
(77, 118)
(32, 77)
(47, 19)
(28, 25)
(20, 25)
(66, 60)
(67, 60)
(28, 76)
(56, 76)
(56, 76)
(120, 53)
(65, 61)
(25, 49)
(100, 53)
(67, 60)
(56, 76)
(56, 76)
(48, 20)
(17, 28)
(56, 76)
(56, 76)
(89, 73)
(21, 17)
(56, 76)
(22, 148)
(56, 21)
(44, 109)
(93, 169)
(53, 19)
(46, 68)
(91, 73)
(56, 76)
(56, 76)
(34, 22)
(56, 76)
(53, 106)
(56, 76)
(99, 68)
(72, 66)
(59, 24)
(24, 54)
(56, 76)
(20, 167)
(63, 19)
(44, 19)
(73, 66)
(28, 153)
(56, 76)
(88, 67)
(63, 58)
(50, 36)
(56, 76)
(89, 66)
(22, 59)
(51, 20)
(63, 65)
(49, 23)
(32, 57)
(18, 74)
(19, 183)
(70, 63)
(46, 64)
(25, 59)
(37, 56)
(25, 47)
(165, 178)
(60, 69)
(170, 23)
(56, 76)
(97, 76)
(64, 58)
(57, 66)
(56, 76)
(40, 27)
(83, 65)
(56, 76)
(70, 51)
(69, 172)
(18, 55)
(24, 63)
(64, 18)
(65, 63)
(56, 76)
(72, 66)
(51, 48)
(56, 76)
(54, 17)
(26, 20)
(71, 66)
(66, 20)
(135, 27)
(25, 25)
(17, 52)
(65, 59)
(100, 66)
(19, 82)
(56, 29)
(90, 68)
(56, 76)
(33, 64)
(56, 76)
(27, 74)
(56, 76)
(56, 76)
(29, 55)
(70, 63)
(49, 19)
(56, 76)
(73, 66)
(56, 76)
(44, 18)
(17, 81)
(56, 76)
(63, 58)
(71, 57)
(17, 17)
(56, 76)
(56, 76)
(89, 64)
(65, 146)
(20, 61)
(63, 63)
(28, 31)
(39, 55)
(91, 67)
(52, 32)
(61, 24)
(29, 76)
(44, 19)
(71, 63)
(25, 27)
(47, 19)
(30, 74)
(25, 141)
(26, 100)
(56, 76)
(56, 76)
(56, 76)
(56, 76)
(101, 74)
(69, 62)
(103, 77)
(128, 137)
(45, 37)
(20, 32)
(38, 17)
(101, 73)
(56, 76)
(21, 32)
(17, 19)
(56, 76)
(28, 17)
(64, 65)
(22, 90)
(90, 64)
(56, 76)
(90, 67)
(56, 76)
(60, 19)
(85, 160)
(20, 78)
(25, 52)
(18, 33)
(56, 76)
(23, 28)
(56, 76)
(71, 64)
(56, 76)
(71, 63)
(20, 23)
(56, 76)
(56, 76)
(56, 76)
(31, 30)
(23, 30)
(37, 63)
(56, 76)
(21, 58)
(41, 62)
(22, 36)
(23, 29)
(56, 76)
(33, 19)
(31, 61)
(47, 19)
(93, 64)
(56, 76)
(135, 151)
(52, 17)
(64, 58)
(94, 63)
(56, 76)
(64, 59)
(19, 99)
(56, 76)
(21, 79)
(24, 28)
(56, 76)
(111, 50)
(42, 52)
(162, 41)
(40, 46)
(32, 75)
(29, 28)
(56, 76)
(20, 131)
(66, 60)
(25, 19)
(43, 110)
(64, 57)
(48, 46)
(67, 60)
(17, 105)
(34, 22)
(24, 17)
(72, 65)
(60, 19)
(56, 76)
(18, 157)
(70, 62)
(27, 46)
(25, 21)
(34, 140)
(47, 30)
(29, 77)
(68, 54)
(31, 70)
(56, 76)
(56, 76)
(47, 17)
(32, 63)
(65, 59)
(42, 148)
(17, 70)
(71, 64)
(17, 86)
(56, 76)
(56, 76)
(66, 17)
(56, 76)
(56, 76)
(39, 48)
(56, 76)
(49, 39)
(56, 76)
(56, 76)
(91, 69)
(59, 17)
(71, 64)
(51, 24)
(63, 22)
(64, 21)
(43, 17)
(29, 25)
(20, 23)
(27, 26)
(61, 62)
(38, 63)
(56, 76)
(43, 40)
(53, 37)
(70, 65)
(65, 19)
(18, 33)
(22, 56)
(90, 63)
(72, 62)
(56, 76)
(19, 59)
(72, 65)
(84, 69)
(66, 60)
(72, 65)
(112, 174)
(35, 22)
(61, 20)
(24, 58)
(17, 26)
(90, 65)
(50, 107)
(69, 62)
(68, 17)
(55, 30)
(49, 19)
(27, 172)
(17, 128)
(17, 33)
(56, 76)
(54, 26)
(51, 28)
(56, 76)
(56, 76)
(53, 177)
(32, 19)
(90, 73)
(72, 181)
(41, 17)
(33, 22)
(26, 52)
(44, 64)
(52, 37)
(56, 76)
(56, 76)
(56, 76)
(54, 28)
(116, 51)
(56, 76)
(18, 17)
(73, 66)
(56, 76)
(56, 20)
(33, 32)
(51, 121)
(67, 60)
(19, 52)
(89, 65)
(51, 24)
(56, 76)
(71, 63)
(17, 73)
(56, 76)
(70, 63)
(69, 62)
(56, 76)
(31, 27)
(56, 76)
(22, 64)
(56, 76)
(56, 76)
(22, 30)
(56, 76)
(21, 79)
(103, 64)
(27, 57)
(56, 76)
(18, 106)
(29, 28)
(155, 177)
(63, 58)
(30, 78)
(20, 49)
(56, 76)
(56, 76)
(30, 25)
(18, 52)
(98, 77)
(120, 132)
(17, 161)
(182, 95)
(105, 80)
(56, 76)
(28, 19)
(28, 50)
(64, 149)
(52, 177)
(30, 47)
(23, 40)
(56, 76)
(73, 66)
(27, 18)
(57, 17)
(121, 135)
(160, 38)
(27, 61)
(53, 55)
(56, 76)
(90, 68)
(23, 82)
(53, 26)
(56, 76)
(56, 76)
(17, 65)
(56, 76)
(41, 17)
(56, 76)
(36, 26)
(89, 70)
(56, 76)
(96, 73)
(29, 64)
(60, 19)
(18, 64)
(73, 66)
(43, 60)
(41, 179)
(19, 17)
(56, 76)
(36, 46)
(68, 64)
(31, 24)
(56, 76)
(74, 57)
(29, 51)
(47, 19)
(46, 125)
(56, 76)
(30, 46)
(61, 111)
(56, 76)
(98, 70)
(72, 65)
(56, 76)
(56, 76)
(56, 76)
(56, 76)
(50, 45)
(56, 17)
(91, 65)
(127, 34)
(104, 77)
(25, 82)
(63, 17)
(112, 49)
(28, 100)
(56, 76)
(22, 56)
(60, 19)
(56, 76)
(144, 55)
(56, 76)
(56, 76)
(67, 19)
(19, 20)
(56, 76)
(102, 66)
(56, 76)
(54, 70)
(56, 76)
(47, 19)
(68, 57)
(66, 60)
(65, 59)
(47, 110)
(86, 70)
(72, 60)
(51, 17)
(52, 21)
(17, 55)
(32, 22)
(96, 64)
(41, 19)
(24, 55)
(51, 56)
(22, 131)
(49, 17)
(49, 56)
(48, 34)
(52, 56)
(49, 57)
(17, 23)
(52, 69)
(25, 65)
(56, 76)
(56, 76)
(17, 36)
(29, 64)
(56, 76)
(56, 76)
(87, 68)
(56, 76)
(32, 37)
(56, 76)
(20, 94)
(56, 76)
(63, 58)
(21, 29)
(56, 76)
(56, 76)
(66, 55)
(56, 76)
(63, 58)
(51, 49)
(56, 76)
(53, 66)
(69, 62)
(29, 21)
(56, 76)
(30, 32)
(56, 76)
(54, 20)
(55, 71)
(55, 20)
(56, 76)
(92, 122)
(56, 76)
(18, 21)
(29, 51)
(55, 21)
(37, 40)
(22, 29)
(100, 70)
(21, 68)
(56, 76)
(56, 76)
(56, 76)
(56, 76)
(170, 18)
(56, 76)
(56, 76)
(72, 65)
(34, 22)
(56, 76)
(47, 59)
(31, 60)
(17, 33)
(56, 76)
(56, 76)
(53, 18)
(19, 54)
(69, 61)
(34, 59)
(25, 153)
(56, 76)
(86, 68)
(17, 134)
(31, 91)
(44, 17)
(56, 76)
(20, 110)
(56, 65)
(60, 27)
(128, 33)
(17, 32)
(62, 66)
(35, 22)
(28, 47)
(73, 60)
(72, 60)
(18, 101)
(52, 57)
(56, 76)
(59, 23)
(68, 115)
(47, 69)
(17, 24)
(25, 70)
(139, 40)
(50, 22)
(32, 86)
(70, 63)
(112, 132)
(82, 70)
(31, 40)
(56, 76)
(56, 76)
(98, 68)
(71, 64)
(73, 66)
(18, 17)
(56, 76)
(68, 61)
(20, 152)
(56, 76)
(56, 76)
(56, 76)
(61, 18)
(35, 17)
(25, 31)
(47, 36)
(56, 76)
(56, 76)
(86, 67)
(56, 76)
(24, 92)
(24, 81)
(56, 76)
(148, 23)
(53, 21)
(56, 76)
(34, 172)
(54, 25)
(56, 76)
(56, 76)
(68, 61)
(18, 18)
(56, 76)
(56, 76)
(17, 90)
(66, 59)
(56, 76)
(56, 76)
(56, 76)
(56, 76)
(67, 60)
(24, 54)
(99, 67)
(59, 28)
(17, 18)
(134, 23)
(42, 63)
(28, 25)
(56, 76)
(56, 76)
(91, 62)
(25, 27)
(17, 34)
(35, 21)
(42, 46)
(101, 68)
(63, 58)
(82, 69)
(46, 111)
(56, 76)
(17, 79)
(91, 74)
(56, 76)
(18, 126)
(24, 28)
(23, 162)
(62, 63)
(27, 66)
(18, 56)
(23, 117)
(54, 111)
(56, 76)
(56, 76)
(31, 57)
(27, 49)
(56, 76)
(25, 30)
(56, 76)
(27, 25)
(53, 18)
(33, 72)
(52, 63)
(17, 83)
(56, 76)
(88, 67)
(56, 76)
(56, 76)
(17, 34)
(48, 33)
(72, 65)
(68, 61)
(56, 76)
(40, 56)
(75, 58)
(56, 76)
(56, 71)
(51, 49)
(56, 76)
(56, 76)
(99, 62)
(53, 62)
(18, 92)
(50, 22)
(56, 76)
(67, 60)
(32, 67)
(56, 76)
(56, 76)
(98, 66)
(68, 61)
(56, 76)
(56, 76)
(26, 86)
(32, 22)
(17, 153)
(49, 68)
(56, 76)
(56, 76)
(29, 104)
(21, 47)
(87, 67)
(25, 74)
(56, 76)
(57, 30)
(21, 51)
(35, 109)
(56, 76)
(56, 76)
(56, 76)
(104, 78)
(19, 58)
(56, 76)
(32, 44)
(24, 54)
(44, 50)
(77, 68)
(26, 50)
(34, 46)
(50, 58)
(72, 66)
(23, 28)
(100, 77)
(98, 71)
(68, 17)
(56, 76)
(69, 62)
(56, 76)
(70, 63)
(56, 76)
(19, 91)
(22, 46)
(70, 63)
(39, 19)
(56, 76)
(20, 78)
(68, 61)
(27, 52)
(17, 47)
(93, 71)
(17, 66)
(56, 76)
(72, 66)
(56, 76)
(56, 76)
(99, 63)
(56, 76)
(56, 76)
(32, 68)
(56, 76)
(56, 76)
(92, 73)
(31, 43)
(56, 76)
(56, 76)
(103, 57)
(72, 65)
(86, 68)
(56, 76)
(66, 57)
(28, 59)
(32, 76)
(27, 50)
(29, 57)
(31, 31)
(56, 76)
(23, 94)
(23, 80)
(30, 24)
(56, 76)
(70, 62)
(24, 54)
(30, 36)
(56, 76)
(26, 81)
(31, 24)
(18, 20)
(102, 70)
(22, 56)
(23, 68)
(56, 76)
(30, 56)
(34, 178)
(69, 62)
(56, 76)
(56, 76)
(42, 26)
(18, 95)
(56, 76)
(19, 142)
(44, 45)
(56, 119)
(56, 76)
(30, 143)
(71, 64)
(40, 180)
(17, 34)
(68, 61)
(21, 30)
(52, 17)
(24, 19)
(87, 72)
(56, 76)
(17, 148)
(28, 44)
(20, 35)
(63, 17)
(73, 63)
(91, 70)
(55, 149)
(56, 76)
(56, 76)
(71, 64)
(40, 66)
(56, 76)
(20, 70)
(26, 52)
(51, 47)
(56, 76)
(17, 104)
(20, 48)
(56, 76)
(81, 65)
(64, 59)
(40, 41)
(26, 25)
(17, 34)
(19, 35)
(71, 64)
(56, 76)
(56, 76)
(56, 76)
(101, 52)
(29, 73)
(58, 24)
(56, 76)
(56, 76)
(20, 141)
(35, 60)
(56, 76)
(29, 96)
(70, 63)
(37, 27)
(24, 28)
(56, 76)
(72, 65)
(56, 76)
(18, 89)
(18, 36)
(20, 35)
(55, 29)
(27, 28)
(56, 76)
(42, 46)
(56, 76)
(56, 76)
(17, 35)
(64, 17)
(18, 141)
(65, 59)
(19, 88)
(127, 32)
(17, 23)
(70, 63)
(68, 61)
(56, 76)
(47, 113)
(70, 62)
(36, 22)
(149, 144)
(91, 62)
(56, 69)
(74, 57)
(92, 67)
(51, 65)
(77, 166)
(145, 23)
(53, 51)
(56, 76)
(65, 18)
(148, 175)
(33, 20)
(34, 21)
(28, 70)
(69, 61)
(55, 18)
(49, 69)
(19, 35)
(44, 53)
(51, 71)
(48, 42)
(58, 63)
(49, 18)
(17, 73)
(35, 40)
(20, 68)
(55, 139)
(70, 58)
(64, 65)
(33, 23)
(71, 119)
(36, 31)
(63, 59)
(29, 60)
(30, 106)
(64, 177)
(124, 149)
(56, 76)
(56, 76)
(45, 50)
(27, 73)
(148, 67)
(24, 183)
(37, 22)
(25, 57)
(43, 178)
(25, 175)
(105, 141)
(47, 30)
(20, 165)
(56, 76)
(103, 77)
(55, 72)
(22, 78)
(34, 47)
(89, 151)
(18, 120)
(56, 76)
(48, 42)
(67, 60)
(23, 28)
(19, 82)
(56, 76)
(44, 66)
(39, 99)
(25, 75)
(25, 45)
(59, 129)
(29, 44)
(18, 45)
(51, 32)
(59, 183)
(66, 19)
(56, 76)
(37, 35)
(72, 124)
(125, 53)
(20, 19)
(29, 181)
(173, 19)
(49, 62)
(45, 39)
(18, 29)
(18, 133)
(90, 66)
(98, 157)
(71, 64)
(40, 170)
(66, 19)
(33, 94)
(19, 129)
(22, 25)
(61, 130)
(41, 39)
(101, 58)
(90, 67)
(32, 42)
(19, 47)
(21, 48)
(39, 164)
(56, 76)
(45, 67)
(34, 62)
(32, 74)
(26, 78)
(57, 69)
(105, 80)
(27, 45)
(21, 92)
(56, 76)
(102, 77)
(68, 61)
(37, 168)
(21, 69)
(27, 152)
(30, 29)
(70, 51)
(101, 69)
(23, 60)
(18, 52)
(33, 35)
(32, 20)
(57, 20)
(19, 99)
(56, 76)
(46, 31)
(32, 18)
(81, 65)
(68, 61)
(18, 49)
(17, 82)
(130, 30)
(31, 71)
(83, 68)
(56, 76)
(45, 46)
(20, 17)
(91, 67)
(72, 65)
(149, 36)
(100, 61)
(53, 51)
(38, 28)
(42, 35)
(37, 140)
(56, 76)
(101, 69)
(56, 76)
(26, 20)
(29, 67)
(66, 20)
(165, 81)
(23, 71)
(75, 58)
(17, 52)
(56, 76)
(56, 76)
(51, 61)
(38, 36)
(46, 21)
(56, 76)
(17, 81)
(19, 31)
(56, 76)
(54, 21)
(37, 41)
(20, 65)
(56, 76)
(18, 113)
(45, 38)
(27, 85)
(31, 26)
(49, 59)
(28, 53)
(48, 17)
(56, 76)
(53, 71)
(68, 55)
(18, 72)
(30, 21)
(24, 59)
(49, 68)
(21, 105)
(48, 58)
(45, 23)
(26, 17)
(56, 76)
(56, 76)
(25, 50)
(28, 75)
(56, 76)
(38, 18)
(34, 50)
(41, 26)
(50, 19)
(17, 17)
(54, 20)
(91, 64)
(38, 18)
(155, 22)
(60, 135)
(68, 120)
(36, 17)
(26, 39)
(29, 43)
(36, 177)
(48, 62)
(56, 76)
(37, 173)
(29, 64)
(37, 25)
(73, 61)
(56, 76)
(18, 69)
(118, 56)
(131, 45)
(173, 165)
(81, 136)
(56, 76)
(99, 59)
(100, 76)
(18, 45)
(70, 177)
(18, 62)
(21, 104)
(48, 47)
(21, 31)
(201, 180)
(90, 65)
(43, 162)
(24, 23)
(58, 24)
(56, 76)
(56, 76)
(53, 19)
(50, 35)
(56, 76)
(49, 181)
(73, 66)
(18, 96)
(23, 34)
(39, 126)
(20, 68)
(69, 62)
(147, 22)
(20, 128)
(73, 66)
(56, 76)
(78, 59)
(56, 76)
(63, 58)
(29, 67)
(79, 173)
(21, 66)
(51, 22)
(56, 76)
(42, 43)
(48, 51)
(36, 164)
(20, 170)
(73, 66)
(56, 76)
(146, 43)
(54, 69)
(21, 83)
(90, 65)
(218, 175)
(49, 68)
(18, 155)
(17, 135)
(24, 63)
(56, 76)
(56, 76)
(56, 76)
(70, 63)
(19, 32)
(28, 181)
(38, 183)
(24, 153)
(55, 72)
(32, 64)
(18, 22)
(17, 170)
(48, 26)
(66, 17)
(37, 168)
(101, 179)
(56, 76)
(57, 152)
(19, 102)
(18, 52)
(31, 138)
(56, 76)
(69, 62)
(69, 62)
(56, 76)
(29, 69)
(27, 35)
(56, 76)
(53, 47)
(34, 18)
(21, 172)
(45, 57)
(56, 76)
(56, 76)
(17, 163)
(68, 60)
(18, 72)
(138, 151)
(31, 72)
(72, 65)
(77, 66)
(21, 172)
(23, 66)
(53, 132)
(170, 177)
(56, 76)
(19, 17)
(20, 183)
(24, 76)
(119, 55)
(102, 76)
(32, 49)
(20, 50)
(69, 53)
(56, 76)
(37, 21)
(91, 133)
(39, 46)
(22, 141)
(23, 165)
(29, 28)
(21, 55)
(25, 22)
(43, 19)
(73, 66)
(176, 92)
(21, 56)
(25, 183)
(100, 66)
(33, 163)
(71, 64)
(104, 79)
(72, 65)
(143, 43)
(45, 182)
(33, 36)
(68, 17)
(71, 64)
(46, 62)
(20, 153)
(32, 24)
(26, 95)
(27, 105)
(48, 55)
(70, 51)
(53, 29)
(53, 43)
(81, 65)
(77, 64)
(34, 41)
(71, 55)
(25, 38)
(56, 76)
(66, 59)
(83, 121)
(24, 58)
(31, 88)
(70, 154)
(170, 26)
(35, 34)
(45, 53)
(56, 76)
(162, 37)
(56, 76)
(38, 38)
(45, 56)
(66, 59)
(18, 153)
(17, 60)
(57, 28)
(22, 58)
(56, 76)
(56, 76)
(153, 19)
(39, 48)
(48, 38)
(32, 38)
(88, 70)
(43, 38)
(40, 45)
(55, 66)
(51, 67)
(52, 43)
(22, 46)
(17, 81)
(19, 89)
(17, 28)
(18, 40)
(17, 132)
(108, 166)
(53, 66)
(26, 163)
(104, 148)
(30, 176)
(27, 104)
(92, 66)
(44, 53)
(26, 29)
(103, 136)
(138, 151)
(66, 17)
(56, 76)
(101, 68)
(56, 76)
(48, 17)
(29, 72)
(125, 139)
(29, 22)
(69, 17)
(165, 162)
(92, 69)
(137, 27)
(65, 59)
(120, 34)
(123, 56)
(100, 76)
(118, 57)
(56, 76)
(88, 169)
(41, 174)
(78, 183)
(33, 47)
(72, 55)
(57, 182)
(52, 69)
(47, 103)
(56, 76)
(24, 70)
(47, 45)
(34, 26)
(61, 63)
(28, 74)
(17, 43)
(71, 63)
(17, 31)
(90, 69)
(56, 76)
(36, 97)
(53, 70)
(56, 76)
(73, 66)
(73, 62)
(48, 64)
(63, 58)
(86, 71)
(56, 76)
(23, 81)
(47, 17)
(90, 73)
(45, 66)
(27, 61)
(117, 46)
(62, 178)
(72, 183)
(18, 111)
(62, 63)
(32, 42)
(56, 76)
(73, 66)
(60, 124)
(39, 172)
(141, 17)
(56, 76)
(32, 20)
(114, 132)
(56, 76)
(17, 71)
(40, 163)
(56, 76)
(88, 67)
(90, 69)
(92, 63)
(21, 102)
(92, 71)
(20, 136)
(18, 29)
(26, 173)
(103, 78)
(35, 45)
(163, 32)
(75, 142)
(104, 77)
(49, 111)
(22, 76)
(45, 37)
(127, 40)
(56, 76)
(26, 122)
(67, 55)
(24, 65)
(46, 183)
(25, 18)
(86, 71)
(48, 155)
(74, 66)
(56, 76)
(65, 63)
(56, 76)
(56, 76)
(47, 147)
(50, 42)
(27, 136)
(17, 95)
(31, 70)
(18, 41)
(56, 76)
(22, 18)
(150, 168)
(56, 76)
(101, 68)
(56, 76)
(51, 71)
(134, 34)
(101, 52)
(24, 64)
(24, 60)
(32, 26)
(22, 73)
(48, 54)
(38, 104)
(70, 63)
(51, 169)
(56, 76)
(100, 53)
(17, 45)
(56, 76)
(37, 168)
(100, 75)
(18, 130)
(23, 64)
(45, 170)
(39, 57)
(56, 24)
(70, 63)
(22, 99)
(102, 77)
(58, 17)
(69, 56)
(21, 121)
(70, 63)
(168, 154)
(68, 61)
(60, 115)
(68, 61)
(104, 77)
(104, 78)
(62, 111)
(72, 65)
(17, 97)
(19, 111)
(19, 170)
(25, 71)
(33, 49)
(34, 149)
(63, 176)
(47, 104)
(47, 31)
(162, 178)
(19, 62)
(84, 135)
(62, 19)
(24, 177)
(30, 136)
(56, 76)
(32, 79)
(18, 66)
(48, 51)
(92, 66)
(56, 76)
(125, 32)
(220, 178)
(20, 177)
(62, 65)
(94, 141)
(81, 70)
(51, 36)
(36, 173)
(73, 152)
(18, 33)
(50, 18)
(71, 64)
(43, 148)
(26, 52)
(66, 59)
(112, 171)
(73, 62)
(56, 76)
(25, 22)
(73, 66)
(18, 182)
(57, 64)
(39, 107)
(19, 60)
(58, 69)
(102, 52)
(92, 158)
(29, 25)
(56, 76)
(56, 76)
(217, 176)
(27, 137)
(52, 121)
(21, 31)
(46, 111)
(207, 176)
(19, 83)
(26, 49)
(153, 35)
(48, 55)
(53, 107)
(27, 42)
(121, 152)
(113, 133)
(18, 73)
(104, 77)
(17, 41)
(123, 47)
(19, 49)
(22, 34)
(56, 76)
(56, 76)
(177, 17)
(84, 178)
(49, 24)
(49, 37)
(153, 61)
(56, 76)
(139, 38)
(69, 62)
(56, 76)
(94, 128)
(60, 17)
(25, 97)
(56, 76)
(66, 59)
(29, 178)
(39, 107)
(160, 25)
(21, 96)
(17, 84)
(65, 109)
(25, 34)
(18, 78)
(90, 149)
(30, 28)
(86, 69)
(17, 21)
(161, 37)
(56, 76)
(113, 40)
(59, 28)
(53, 135)
(158, 17)
(56, 76)
(100, 182)
(101, 67)
(29, 26)
(85, 66)
(17, 69)
(30, 31)
(52, 63)
(76, 57)
(133, 44)
(56, 76)
(155, 45)
(49, 43)
(100, 75)
(158, 17)
(207, 176)
(27, 75)
(73, 178)
(17, 84)
(56, 76)
(41, 127)
(173, 25)
(101, 69)
(73, 66)
(22, 64)
(125, 46)
(82, 119)
(18, 93)
(152, 43)
(93, 75)
(78, 63)
(56, 76)
(52, 63)
(29, 31)
(155, 154)
(102, 69)
(52, 27)
(40, 21)
(92, 66)
(145, 52)
(56, 76)
(47, 163)
(87, 70)
(85, 140)
(89, 124)
(22, 65)
(27, 85)
(56, 76)
(73, 66)
(63, 61)
(51, 46)
(92, 127)
(20, 158)
(100, 55)
(65, 183)
(44, 35)
(56, 183)
(56, 76)
(63, 58)
(17, 111)
(21, 167)
(24, 65)
(24, 62)
(59, 123)
(56, 76)
(52, 19)
(28, 75)
(31, 66)
(61, 108)
(18, 62)
(129, 35)
(56, 76)
(56, 76)
(56, 76)
(53, 69)
(160, 38)
(101, 52)
(56, 76)
(67, 166)
(88, 120)
(44, 53)
(153, 35)
(56, 29)
(73, 66)
(93, 166)
(67, 18)
(56, 76)
(17, 19)
(68, 19)
(56, 76)
(19, 115)
(154, 44)
(68, 183)
(70, 17)
(20, 171)
(24, 43)
(38, 28)
(92, 66)
(198, 168)
(73, 59)
(56, 76)
(43, 22)
(85, 123)
(113, 176)
(30, 91)
(44, 17)
(31, 68)
(32, 22)
(64, 22)
(24, 30)
(56, 76)
(56, 76)
(56, 76)
(56, 76)
(23, 108)
(55, 71)
(59, 19)
(82, 68)
(35, 64)
(20, 177)
(22, 30)
(119, 45)
(20, 50)
(27, 68)
(56, 76)
(115, 143)
(23, 75)
(43, 60)
(21, 34)
(19, 130)
(56, 76)
(66, 59)
(17, 97)
(21, 175)
(23, 155)
(54, 72)
(120, 59)
(57, 64)
(18, 40)
(39, 41)
(35, 49)
(76, 175)
(36, 183)
(34, 143)
(39, 53)
(35, 131)
(207, 176)
(38, 174)
(71, 64)
(56, 76)
(18, 17)
(23, 145)
(43, 46)
(54, 72)
(69, 118)
(26, 131)
(47, 62)
(37, 22)
(29, 30)
(56, 76)
(31, 57)
(23, 75)
(26, 175)
(103, 73)
(93, 64)
(65, 17)
(27, 85)
(64, 58)
(56, 76)
(30, 25)
(40, 63)
(72, 170)
(106, 131)
(103, 125)
(44, 110)
(86, 69)
(94, 180)
(86, 68)
(96, 74)
(104, 152)
(51, 144)
(28, 50)
(24, 156)
(38, 172)
(20, 17)
(69, 63)
(21, 79)
(56, 76)
(35, 29)
(24, 179)
(73, 62)
(67, 54)
(96, 174)
(48, 173)
(226, 181)
(149, 18)
(32, 66)
(103, 79)
(35, 122)
(54, 69)
(60, 26)
(56, 76)
(20, 126)
(86, 68)
(24, 128)
(151, 158)
(22, 101)
(71, 55)
(51, 67)
(56, 76)
(169, 28)
(84, 138)
(64, 65)
(143, 163)
(30, 64)
(72, 62)
(26, 92)
(39, 18)
(29, 73)
(45, 24)
(73, 66)
(54, 72)
(20, 60)
(26, 67)
(91, 74)
(94, 61)
(56, 76)
(68, 58)
(48, 105)
(91, 66)
(56, 76)
(70, 114)
(25, 26)
(97, 56)
(37, 168)
(59, 64)
(92, 69)
(41, 34)
(126, 138)
(103, 79)
(73, 130)
(69, 53)
(64, 59)
(92, 72)
(89, 71)
(125, 138)
(56, 76)
(34, 35)
(63, 19)
(86, 68)
(19, 32)
(86, 68)
(27, 177)
(17, 68)
(103, 162)
(26, 181)
(102, 73)
(33, 69)
(18, 78)
(101, 78)
(59, 27)
(64, 58)
(56, 76)
(63, 63)
(78, 65)
(24, 170)
(46, 54)
(57, 67)
(17, 66)
(52, 63)
(26, 95)
(86, 71)
(97, 57)
(17, 43)
(19, 18)
(33, 100)
(56, 76)
(56, 76)
(54, 69)
(53, 52)
(34, 47)
(62, 63)
(95, 69)
(98, 65)
(56, 76)
(53, 69)
(216, 174)
(62, 22)
(97, 65)
(73, 66)
(172, 21)
(35, 55)
(96, 73)
(91, 68)
(56, 76)
(53, 56)
(50, 173)
(20, 155)
(34, 25)
(78, 158)
(17, 80)
(51, 179)
(53, 69)
(20, 39)
(24, 65)
(59, 123)
(102, 56)
(63, 23)
(88, 73)
(52, 28)
(98, 65)
(74, 67)
(19, 176)
(25, 41)
(167, 170)
(86, 68)
(40, 37)
(50, 50)
(73, 66)
(21, 63)
(73, 66)
(73, 66)
(56, 76)
(27, 164)
(22, 75)
(33, 78)
(28, 66)
(75, 125)
(17, 21)
(70, 60)
(73, 66)
(56, 76)
(33, 79)
(63, 58)
(42, 118)
(78, 181)
(74, 57)
(47, 30)
(19, 84)
(142, 143)
(24, 105)
(52, 71)
(73, 66)
(19, 118)
(52, 53)
(25, 146)
(65, 63)
(23, 123)
(56, 76)
(90, 67)
(98, 177)
(96, 71)
(27, 36)
(64, 23)
(56, 76)
(85, 118)
(74, 56)
(180, 157)
(93, 121)
(41, 34)
(53, 52)
(32, 169)
(29, 34)
(28, 174)
(108, 132)
(53, 173)
(72, 183)
(42, 112)
(117, 135)
(28, 80)
(62, 63)
(33, 37)
(33, 134)
(122, 138)
(72, 66)
(19, 173)
(59, 125)
(19, 105)
(72, 65)
(20, 31)
(24, 80)
(84, 128)
(79, 171)
(34, 46)
(54, 69)
(18, 78)
(173, 179)
(132, 163)
(26, 45)
(56, 76)
(22, 51)
(73, 66)
(25, 67)
(43, 110)
(22, 69)
(28, 63)
(73, 60)
(68, 174)
(56, 76)
(28, 172)
(73, 66)
(74, 55)
(25, 124)
(49, 113)
(49, 32)
(91, 72)
(73, 66)
(44, 61)
(39, 46)
(56, 76)
(28, 76)
(74, 57)
(103, 173)
(56, 76)
(66, 111)
(56, 76)
(18, 41)
(88, 70)
(74, 57)
(128, 169)
(29, 88)
(63, 128)
(71, 59)
(59, 17)
(39, 46)
(24, 105)
(95, 167)
(17, 82)
(50, 54)
(19, 41)
(92, 68)
(41, 40)
(93, 69)
(51, 31)
(17, 109)
(44, 61)
(34, 46)
(76, 62)
(33, 93)
(24, 24)
(32, 92)
(86, 72)
(85, 69)
(70, 63)
(65, 158)
(19, 93)
(82, 124)
(20, 87)
(21, 178)
(89, 71)
(36, 128)
(29, 27)
(66, 60)
(31, 90)
(43, 183)
(73, 130)
(56, 76)
(43, 29)
(32, 178)
(46, 158)
(18, 122)
(24, 76)
(50, 28)
(73, 60)
(21, 147)
(56, 76)
(56, 76)
(50, 59)
(101, 67)
(80, 68)
(32, 29)
(22, 168)
(17, 171)
(21, 176)
(26, 53)
(47, 49)
(54, 72)
(96, 127)
(19, 31)
(56, 76)
(63, 58)
(152, 178)
(31, 85)
(25, 84)
(95, 75)
(22, 32)
(18, 62)
(47, 135)
(56, 76)
(30, 66)
(18, 181)
(52, 70)
(20, 163)
(53, 180)
(56, 76)
(80, 65)
(108, 179)
(65, 22)
(53, 60)
(71, 58)
(56, 76)
(66, 59)
(29, 19)
(28, 174)
(19, 175)
(90, 67)
(85, 67)
(25, 144)
(27, 87)
(30, 80)
(85, 128)
(73, 66)
(28, 72)
(73, 66)
(127, 138)
(88, 70)
(50, 69)
(24, 82)
(78, 62)
(86, 71)
(21, 70)
(25, 36)
(82, 69)
(66, 61)
(20, 37)
(29, 43)
(43, 45)
(44, 17)
(78, 62)
(86, 68)
(70, 59)
(99, 56)
(19, 64)
(92, 66)
(70, 65)
(38, 17)
(102, 139)
(38, 45)
(17, 40)
(50, 122)
(73, 66)
(38, 17)
(100, 170)
(25, 42)
(30, 17)
(129, 183)
(50, 57)
(54, 167)
(29, 17)
(56, 76)
(92, 66)
(69, 62)
(54, 72)
(44, 54)
(48, 55)
(62, 167)
(57, 66)
(60, 27)
(24, 169)
(65, 62)
(56, 76)
(103, 53)
(63, 18)
(64, 65)
(20, 164)
(190, 161)
(56, 76)
(105, 80)
(35, 131)
(91, 67)
(32, 24)
(73, 66)
(56, 76)
(18, 125)
(35, 59)
(164, 173)
(21, 50)
(151, 145)
(27, 90)
(27, 44)
(92, 66)
(19, 31)
(121, 148)
(53, 51)
(69, 130)
(49, 23)
(24, 32)
(31, 81)
(116, 135)
(38, 118)
(26, 69)
(56, 76)
(46, 17)
(65, 64)
(17, 50)
(134, 20)
(102, 139)
(83, 65)
(27, 117)
(18, 77)
(32, 17)
(39, 28)
(174, 25)
(92, 68)
(46, 51)
(19, 17)
(170, 162)
(21, 32)
(78, 61)
(21, 30)
(37, 22)
(25, 175)
(23, 142)
(95, 73)
(31, 91)
(23, 37)
(59, 27)
(56, 76)
(58, 18)
(35, 48)
(73, 66)
(27, 89)
(21, 127)
(92, 62)
(22, 18)
(73, 57)
(25, 171)
(27, 86)
(73, 55)
(72, 65)
(56, 76)
(67, 57)
(39, 28)
(134, 167)
(17, 34)
(28, 29)
(56, 76)
(17, 164)
(88, 73)
(46, 22)
(92, 68)
(45, 42)
(50, 183)
(70, 58)
(95, 60)
(56, 76)
(17, 131)
(41, 35)
(69, 61)
(20, 20)
(18, 31)
(57, 29)
(54, 30)
(23, 140)
(27, 40)
(44, 48)
(29, 62)
(145, 142)
(48, 54)
(56, 76)
(65, 59)
(24, 63)
(69, 61)
(76, 133)
(69, 62)
(35, 34)
(18, 32)
(72, 55)
(46, 38)
(88, 72)
(31, 19)
(19, 94)
(63, 58)
(23, 41)
(67, 63)
(51, 30)
(26, 17)
(56, 76)
(76, 117)
(72, 65)
(17, 50)
(54, 168)
(42, 44)
(98, 128)
(86, 69)
(44, 61)
(39, 166)
(56, 76)
(26, 61)
(65, 21)
(56, 76)
(22, 17)
(188, 169)
(17, 24)
(24, 58)
(91, 124)
(77, 122)
(73, 178)
(150, 22)
(67, 144)
(123, 137)
(73, 66)
(59, 69)
(41, 99)
(106, 179)
(48, 126)
(44, 61)
(82, 64)
(34, 29)
(56, 76)
(112, 51)
(31, 77)
(56, 76)
(19, 39)
(18, 28)
(22, 46)
(55, 72)
(24, 23)
(19, 181)
(43, 36)
(106, 157)
(22, 157)
(23, 80)
(25, 112)
(30, 91)
(113, 46)
(97, 64)
(18, 78)
(56, 76)
(56, 76)
(24, 70)
(123, 42)
(90, 67)
(92, 68)
(23, 36)
(51, 28)
(56, 76)
(34, 36)
(138, 179)
(67, 127)
(26, 52)
(18, 150)
(40, 26)
(73, 66)
(32, 177)
(188, 167)
(48, 69)
(40, 108)
(44, 26)
(92, 66)
(59, 26)
(86, 119)
(26, 57)
(59, 27)
(31, 179)
(108, 148)
(39, 124)
(25, 83)
(48, 105)
(56, 76)
(45, 44)
(56, 76)
(29, 141)
(100, 138)
(78, 59)
(52, 19)
(70, 172)
(189, 162)
(25, 118)
(23, 65)
(73, 66)
(56, 76)
(49, 43)
(172, 160)
(53, 107)
(22, 50)
(57, 65)
(41, 48)
(27, 161)
(18, 33)
(26, 23)
(48, 173)
(20, 71)
(66, 180)
(66, 180)
(74, 124)
(91, 73)
(17, 104)
(28, 54)
(72, 65)
(68, 174)
(65, 20)
(17, 72)
(44, 39)
(67, 127)
(19, 44)
(33, 47)
(17, 38)
(88, 66)
(41, 23)
(23, 66)
(84, 67)
(56, 76)
(23, 34)
(54, 23)
(31, 23)
(70, 172)
(22, 27)
(96, 129)
(56, 76)
(39, 54)
(52, 178)
(46, 23)
(33, 178)
(69, 179)
(52, 64)
(63, 66)
(24, 56)
(25, 85)
(164, 31)
(73, 66)
(31, 28)
(33, 35)
(40, 40)
(43, 49)
(40, 31)
(138, 174)
(66, 59)
(43, 51)
(102, 139)
(74, 121)
(46, 23)
(48, 102)
(56, 76)
(161, 166)
(71, 66)
(56, 76)
(29, 142)
(24, 70)
(86, 70)
(85, 122)
(46, 170)
(22, 157)
(17, 107)
(37, 29)
(24, 52)
(109, 141)
(141, 23)
(27, 80)
(55, 18)
(46, 21)
(86, 132)
(20, 40)
(101, 67)
(56, 76)
(92, 62)
(67, 64)
(56, 76)
(63, 19)
(69, 138)
(45, 38)
(31, 75)
(64, 183)
(153, 47)
(27, 81)
(96, 163)
(23, 65)
(65, 59)
(70, 60)
(87, 135)
(92, 127)
(67, 60)
(18, 33)
(53, 46)
(21, 17)
(56, 76)
(135, 146)
(52, 38)
(19, 84)
(20, 71)
(74, 65)
(84, 71)
(46, 60)
(69, 57)
(31, 48)
(32, 59)
(154, 151)
(17, 70)
(65, 59)
(65, 20)
(52, 69)
(21, 29)
(83, 66)
(89, 66)
(32, 76)
(22, 24)
(17, 80)
(29, 60)
(165, 32)
(20, 81)
(17, 49)
(22, 65)
(53, 18)
(73, 66)
(31, 72)
(56, 76)
(40, 108)
(25, 28)
(87, 183)
(164, 32)
(27, 37)
(69, 61)
(38, 62)
(25, 20)
(73, 66)
(41, 131)
(72, 65)
(22, 30)
(62, 165)
(56, 76)
(52, 56)
(56, 76)
(44, 61)
(23, 57)
(18, 58)
(67, 59)
(55, 22)
(47, 63)
(60, 22)
(36, 35)
(19, 167)
(56, 76)
(95, 152)
(73, 66)
(30, 57)
(47, 118)
(21, 126)
(73, 66)
(200, 180)
(44, 24)
(43, 146)
(58, 71)
(33, 70)
(31, 59)
(222, 175)
(61, 156)
(18, 73)
(56, 76)
(27, 49)
(97, 167)
(85, 69)
(17, 98)
(74, 66)
(56, 76)
(46, 55)
(80, 61)
(23, 37)
(99, 63)
(37, 26)
(128, 142)
(119, 144)
(101, 77)
(26, 65)
(24, 86)
(117, 131)
(79, 116)
(56, 76)
(134, 142)
(91, 66)
(75, 181)
(67, 64)
(70, 65)
(61, 108)
(37, 109)
(86, 124)
(41, 27)
(33, 86)
(92, 71)
(56, 76)
(40, 48)
(52, 27)
(22, 19)
(21, 76)
(31, 121)
(47, 54)
(56, 76)
(21, 58)
(61, 123)
(137, 141)
(30, 55)
(146, 149)
(75, 62)
(56, 76)
(49, 104)
(44, 67)
(52, 66)
(59, 28)
(143, 159)
(85, 71)
(71, 63)
(157, 23)
(21, 36)
(28, 21)
(23, 80)
(127, 27)
(90, 66)
(70, 64)
(56, 76)
(21, 29)
(28, 22)
(101, 173)
(33, 102)
(56, 68)
(94, 139)
(33, 82)
(131, 146)
(21, 46)
(40, 35)
(55, 70)
(97, 125)
(50, 19)
(51, 27)
(183, 160)
(33, 37)
(38, 17)
(56, 76)
(21, 83)
(74, 180)
(52, 28)
(71, 148)
(50, 50)
(219, 176)
(34, 47)
(46, 68)
(57, 106)
(147, 55)
(17, 26)
(22, 32)
(22, 168)
(28, 78)
(79, 179)
(17, 62)
(96, 68)
(19, 42)
(29, 59)
(24, 22)
(24, 22)
(31, 97)
(42, 21)
(52, 34)
(63, 169)
(56, 76)
(74, 145)
(149, 33)
(64, 17)
(152, 52)
(72, 65)
(157, 23)
(120, 142)
(74, 159)
(51, 20)
(49, 45)
(28, 105)
(48, 104)
(111, 168)
(56, 76)
(20, 128)
(22, 77)
(41, 117)
(31, 91)
(35, 35)
(24, 173)
(44, 173)
(114, 42)
(56, 76)
(92, 61)
(22, 123)
(66, 56)
(49, 70)
(30, 35)
(55, 168)
(117, 139)
(56, 76)
(56, 76)
(90, 72)
(27, 65)
(56, 76)
(68, 173)
(56, 24)
(120, 141)
(33, 25)
(44, 62)
(126, 141)
(48, 67)
(88, 181)
(42, 39)
(56, 76)
(26, 59)
(53, 55)
(29, 116)
(28, 64)
(31, 62)
(122, 45)
(62, 66)
(27, 62)
(22, 121)
(70, 63)
(41, 30)
(22, 40)
(81, 143)
(22, 52)
(56, 76)
(34, 56)
(32, 64)
(39, 138)
(51, 27)
(72, 65)
(47, 66)
(134, 142)
(23, 108)
(47, 65)
(161, 23)
(29, 28)
(31, 92)
(18, 38)
(20, 99)
(42, 61)
(31, 18)
(19, 46)
(49, 107)
(46, 47)
(73, 54)
(54, 105)
(101, 67)
(65, 59)
(32, 53)
(33, 171)
(73, 66)
(29, 34)
(69, 114)
(146, 27)
(24, 53)
(106, 183)
(58, 17)
(57, 170)
(47, 66)
(91, 69)
(72, 66)
(127, 52)
(91, 73)
(72, 66)
(114, 42)
(21, 65)
(29, 81)
(26, 30)
(56, 76)
(17, 136)
(19, 179)
(57, 129)
(17, 45)
(66, 21)
(97, 65)
(60, 25)
(109, 148)
(89, 71)
(88, 125)
(66, 171)
(146, 51)
(92, 64)
(50, 56)
(27, 82)
(58, 17)
(19, 99)
(23, 111)
(66, 21)
(64, 153)
(56, 76)
(47, 32)
(70, 65)
(51, 20)
(132, 145)
(56, 76)
(41, 52)
(58, 17)
(68, 61)
(54, 31)
(30, 43)
(91, 73)
(56, 76)
(51, 41)
(90, 120)
(107, 130)
(67, 64)
(192, 182)
(34, 144)
(23, 61)
(56, 76)
(49, 70)
(30, 49)
(56, 76)
(92, 66)
(91, 128)
(72, 66)
(117, 134)
(25, 116)
(25, 54)
(88, 70)
(51, 68)
(32, 41)
(53, 56)
(31, 35)
(50, 120)
(20, 42)
(41, 17)
(93, 63)
(103, 53)
(19, 66)
(43, 61)
(41, 151)
(113, 150)
(20, 47)
(35, 54)
(53, 54)
(33, 78)
(20, 171)
(18, 71)
(56, 76)
(24, 106)
(32, 182)
(34, 62)
(72, 66)
(18, 34)
(18, 39)
(56, 76)
(26, 28)
(178, 17)
(99, 68)
(53, 27)
(97, 56)
(56, 76)
(91, 72)
(67, 173)
(128, 137)
(30, 54)
(56, 76)
(108, 131)
(199, 165)
(19, 80)
(31, 180)
(17, 64)
(54, 71)
(46, 17)
(74, 179)
(61, 113)
(22, 32)
(53, 58)
(167, 21)
(189, 168)
(26, 41)
(49, 66)
(22, 73)
(42, 41)
(94, 67)
(50, 18)
(42, 57)
(20, 168)
(30, 62)
(61, 21)
(18, 64)
(90, 63)
(78, 159)
(53, 31)
(24, 97)
(56, 76)
(56, 76)
(67, 60)
(30, 174)
(90, 67)
(53, 26)
(89, 71)
(66, 172)
(56, 76)
(29, 47)
(56, 76)
(91, 72)
(100, 137)
(72, 117)
(22, 96)
(17, 89)
(91, 72)
(24, 97)
(17, 122)
(47, 66)
(102, 69)
(33, 61)
(18, 156)
(32, 17)
(47, 46)
(85, 130)
(99, 54)
(79, 69)
(18, 35)
(56, 76)
(74, 65)
(65, 154)
(195, 164)
(54, 25)
(51, 24)
(38, 32)
(17, 89)
(83, 123)
(51, 26)
(170, 182)
(56, 76)
(17, 17)
(56, 76)
(49, 38)
(31, 102)
(84, 137)
(56, 73)
(18, 146)
(53, 50)
(29, 19)
(149, 148)
(41, 40)
(130, 137)
(24, 63)
(56, 76)
(94, 59)
(56, 76)
(53, 17)
(56, 76)
(56, 76)
(22, 85)
(32, 31)
(26, 64)
(136, 32)
(55, 72)
(39, 32)
(177, 161)
(35, 17)
(42, 18)
(72, 66)
(64, 18)
(63, 20)
(97, 66)
(49, 167)
(73, 66)
(94, 68)
(31, 46)
(70, 62)
(58, 23)
(206, 183)
(210, 172)
(107, 127)
(38, 47)
(28, 74)
(56, 76)
(72, 65)
(78, 61)
(56, 76)
(17, 65)
(56, 76)
(68, 61)
(59, 19)
(91, 171)
(56, 76)
(93, 75)
(103, 52)
(52, 28)
(105, 127)
(31, 68)
(56, 76)
(24, 183)
(183, 176)
(190, 177)
(57, 68)
(63, 18)
(91, 63)
(51, 25)
(90, 70)
(56, 76)
(35, 25)
(73, 121)
(73, 66)
(36, 174)
(53, 20)
(26, 45)
(42, 176)
(56, 76)
(92, 121)
(84, 151)
(47, 63)
(157, 161)
(25, 61)
(24, 137)
(97, 72)
(177, 161)
(44, 103)
(45, 50)
(55, 20)
(121, 153)
(157, 155)
(59, 25)
(125, 180)
(26, 147)
(76, 161)
(132, 182)
(25, 81)
(97, 63)
(68, 54)
(27, 40)
(48, 34)
(52, 69)
(28, 166)
(32, 68)
(56, 73)
(18, 88)
(56, 76)
(18, 51)
(24, 63)
(210, 172)
(166, 34)
(55, 32)
(98, 69)
(152, 56)
(171, 165)
(70, 58)
(172, 179)
(128, 137)
(27, 73)
(206, 183)
(55, 72)
(56, 76)
(104, 78)
(50, 57)
(56, 76)
(46, 19)
(145, 17)
(53, 71)
(56, 76)
(177, 182)
(52, 107)
(34, 183)
(162, 29)
(20, 122)
(90, 65)
(58, 22)
(20, 41)
(27, 65)
(90, 73)
(81, 68)
(56, 76)
(49, 49)
(52, 32)
(41, 54)
(74, 180)
(73, 60)
(70, 63)
(91, 63)
(49, 37)
(127, 26)
(48, 113)
(135, 169)
(81, 67)
(43, 51)
(51, 71)
(17, 121)
(132, 146)
(33, 94)
(108, 127)
(30, 62)
(43, 44)
(73, 66)
(105, 130)
(17, 48)
(29, 22)
(90, 65)
(99, 57)
(151, 35)
(103, 56)
(49, 66)
(53, 53)
(56, 76)
(39, 33)
(27, 84)
(98, 69)
(83, 64)
(70, 17)
(27, 53)
(40, 20)
(22, 39)
(99, 54)
(201, 182)
(82, 69)
(22, 40)
(32, 178)
(37, 46)
(21, 31)
(58, 151)
(32, 76)
(56, 76)
(23, 22)
(113, 42)
(60, 112)
(50, 173)
(56, 24)
(56, 76)
(98, 68)
(60, 21)
(59, 130)
(30, 65)
(54, 17)
(26, 69)
(56, 76)
(25, 65)
(46, 63)
(89, 71)
(24, 61)
(71, 174)
(27, 92)
(98, 137)
(52, 182)
(130, 23)
(31, 85)
(52, 62)
(56, 76)
(55, 110)
(52, 29)
(47, 41)
(94, 72)
(32, 44)
(36, 50)
(63, 63)
(18, 98)
(20, 51)
(56, 76)
(73, 66)
(64, 62)
(175, 180)
(67, 58)
(71, 119)
(41, 174)
(73, 66)
(22, 20)
(17, 113)
(50, 68)
(67, 158)
(186, 177)
(49, 68)
(56, 76)
(19, 111)
(17, 87)
(17, 83)
(66, 174)
(60, 179)
(62, 145)
(176, 181)
(22, 106)
(35, 44)
(50, 68)
(99, 66)
(90, 67)
(21, 17)
(133, 142)
(28, 22)
(72, 66)
(93, 74)
(30, 130)
(56, 76)
(33, 64)
(50, 26)
(182, 181)
(56, 76)
(27, 29)
(90, 70)
(53, 21)
(100, 60)
(96, 143)
(46, 33)
(32, 118)
(56, 76)
(66, 60)
(75, 178)
(43, 22)
(56, 76)
(175, 180)
(175, 180)
(18, 62)
(30, 60)
(50, 22)
(68, 61)
(52, 46)
(36, 98)
(45, 49)
(133, 145)
(19, 73)
(61, 60)
(144, 146)
(57, 29)
(70, 55)
(22, 50)
(68, 61)
(172, 176)
(67, 60)
(56, 76)
(56, 76)
(178, 165)
(115, 176)
(51, 111)
(88, 70)
(30, 88)
(31, 69)
(27, 63)
(47, 23)
(45, 63)
(93, 75)
(39, 20)
(24, 36)
(17, 39)
(50, 64)
(22, 73)
(56, 76)
(33, 41)
(29, 37)
(193, 179)
(45, 63)
(39, 18)
(140, 166)
(53, 21)
(18, 45)
(67, 158)
(47, 67)
(122, 150)
(62, 64)
(30, 47)
(53, 47)
(19, 81)
(66, 60)
(54, 32)
(25, 38)
(49, 19)
(34, 97)
(29, 177)
(56, 76)
(27, 73)
(21, 82)
(114, 134)
(72, 53)
(61, 136)
(56, 76)
(25, 169)
(29, 42)
(42, 109)
(95, 129)
(39, 99)
(49, 52)
(56, 76)
(40, 18)
(27, 176)
(56, 76)
(217, 180)
(53, 68)
(56, 76)
(80, 61)
(30, 75)
(56, 76)
(98, 74)
(23, 174)
(187, 181)
(82, 70)
(73, 66)
(40, 51)
(25, 47)
(111, 181)
(53, 20)
(52, 61)
(56, 76)
(41, 113)
(122, 53)
(54, 180)
(24, 42)
(56, 76)
(55, 72)
(68, 58)
(29, 86)
(56, 76)
(43, 61)
(69, 17)
(26, 168)
(71, 65)
(56, 76)
(17, 37)
(39, 38)
(22, 134)
(56, 76)
(71, 119)
(70, 119)
(56, 76)
(19, 46)
(70, 119)
(21, 37)
(168, 33)
(50, 26)
(23, 31)
(30, 69)
(114, 138)
(48, 27)
(56, 76)
(91, 71)
(56, 183)
(176, 181)
(104, 77)
(68, 17)
(39, 132)
(27, 73)
(24, 88)
(129, 139)
(46, 46)
(68, 61)
(18, 134)
(78, 59)
(46, 102)
(72, 63)
(90, 69)
(100, 62)
(105, 79)
(76, 65)
(21, 48)
(21, 101)
(89, 124)
(70, 115)
(44, 61)
(26, 69)
(22, 52)
(56, 76)
(21, 37)
(53, 71)
(22, 40)
(24, 100)
(53, 68)
(172, 24)
(93, 70)
(20, 30)
(56, 76)
(17, 81)
(97, 180)
(182, 171)
(31, 129)
(55, 27)
(76, 138)
(93, 70)
(98, 73)
(51, 59)
(18, 52)
(61, 20)
(56, 76)
(28, 22)
(92, 69)
(18, 141)
(21, 17)
(56, 76)
(68, 61)
(40, 57)
(19, 47)
(19, 18)
(20, 173)
(24, 100)
(84, 177)
(123, 39)
(45, 21)
(53, 25)
(56, 76)
(100, 60)
(176, 157)
(100, 70)
(17, 68)
(31, 53)
(92, 69)
(37, 41)
(65, 112)
(70, 63)
(37, 65)
(72, 65)
(38, 165)
(21, 19)
(73, 66)
(119, 132)
(170, 158)
(54, 69)
(56, 23)
(40, 17)
(22, 89)
(28, 65)
(47, 22)
(54, 67)
(49, 70)
(130, 161)
(30, 62)
(28, 17)
(56, 76)
(56, 76)
(152, 49)
(35, 35)
(26, 121)
(96, 65)
(53, 58)
(21, 19)
(19, 76)
(52, 17)
(92, 122)
(54, 70)
(22, 74)
(32, 67)
(56, 76)
(92, 72)
(93, 74)
(19, 76)
(215, 174)
(52, 54)
(59, 174)
(56, 114)
(24, 53)
(56, 76)
(17, 54)
(43, 64)
(63, 22)
(143, 154)
(21, 19)
(42, 19)
(39, 60)
(38, 53)
(55, 19)
(20, 172)
(58, 17)
(73, 122)
(56, 76)
(120, 41)
(61, 17)
(169, 175)
(116, 166)
(73, 66)
(72, 66)
(56, 76)
(65, 111)
(74, 67)
(28, 89)
(17, 18)
(21, 38)
(60, 149)
(25, 43)
(21, 38)
(40, 35)
(37, 64)
(56, 76)
(21, 101)
(18, 65)
(39, 47)
(136, 32)
(63, 119)
(28, 62)
(19, 17)
(43, 19)
(56, 76)
(51, 39)
(26, 174)
(27, 112)
(44, 17)
(20, 172)
(34, 35)
(73, 66)
(56, 76)
(92, 61)
(56, 76)
(24, 97)
(56, 76)
(56, 76)
(56, 22)
(34, 36)
(44, 23)
(100, 63)
(92, 69)
(65, 17)
(27, 64)
(51, 119)
(60, 68)
(72, 65)
(30, 172)
(180, 159)
(84, 69)
(56, 76)
(49, 38)
(73, 60)
(49, 178)
(44, 22)
(58, 156)
(69, 60)
(186, 172)
(52, 23)
(55, 27)
(64, 58)
(52, 28)
(68, 57)
(56, 76)
(21, 101)
(42, 17)
(56, 76)
(30, 24)
(60, 20)
(38, 157)
(76, 183)
(119, 57)
(56, 76)
(56, 76)
(28, 42)
(61, 26)
(68, 113)
(56, 76)
(28, 110)
(56, 76)
(56, 76)
(92, 64)
(72, 65)
(30, 36)
(20, 36)
(46, 64)
(80, 61)
(54, 27)
(56, 76)
(22, 19)
(145, 164)
(23, 64)
(17, 37)
(56, 76)
(92, 69)
(21, 66)
(56, 76)
(100, 55)
(22, 38)
(79, 117)
(26, 38)
(84, 177)
(29, 62)
(123, 138)
(44, 65)
(72, 65)
(147, 167)
(144, 162)
(42, 162)
(56, 76)
(101, 74)
(38, 170)
(25, 20)
(151, 145)
(168, 25)
(23, 110)
(26, 176)
(128, 139)
(35, 102)
(56, 76)
(23, 168)
(92, 68)
(44, 128)
(45, 61)
(45, 111)
(137, 139)
(74, 66)
(99, 59)
(72, 65)
(47, 124)
(36, 48)
(64, 177)
(17, 147)
(28, 17)
(78, 170)
(37, 161)
(113, 45)
(17, 61)
(49, 61)
(55, 160)
(166, 166)
(71, 64)
(64, 22)
(130, 30)
(38, 171)
(19, 28)
(42, 162)
(45, 111)
(25, 48)
(17, 99)
(30, 29)
(25, 178)
(71, 59)
(52, 44)
(138, 44)
(96, 65)
(69, 64)
(34, 48)
(31, 95)
(73, 180)
(97, 127)
(121, 140)
(30, 27)
(71, 64)
(21, 43)
(29, 120)
(37, 120)
(42, 21)
(75, 136)
(56, 76)
(55, 27)
(17, 99)
(17, 79)
(23, 133)
(46, 45)
(57, 27)
(56, 76)
(103, 75)
(65, 183)
(58, 182)
(96, 61)
(18, 64)
(73, 177)
(46, 33)
(115, 176)
(22, 84)
(23, 162)
(31, 106)
(56, 76)
(137, 41)
(45, 111)
(56, 76)
(45, 111)
(49, 70)
(24, 97)
(20, 64)
(19, 28)
(56, 76)
(108, 132)
(25, 61)
(18, 166)
(20, 68)
(39, 120)
(44, 20)
(46, 65)
(36, 43)
(19, 59)
(64, 23)
(99, 156)
(17, 90)
(91, 67)
(88, 71)
(74, 55)
(60, 69)
(70, 63)
(40, 66)
(68, 133)
(26, 77)
(56, 76)
(66, 59)
(56, 76)
(56, 76)
(68, 61)
(24, 61)
(24, 104)
(20, 137)
(59, 107)
(31, 77)
(51, 58)
(20, 60)
(20, 119)
(116, 52)
(35, 22)
(17, 166)
(19, 28)
(17, 60)
(60, 177)
(73, 66)
(50, 60)
(90, 64)
(60, 172)
(69, 18)
(85, 157)
(18, 17)
(66, 59)
(28, 71)
(56, 76)
(56, 76)
(56, 76)
(70, 56)
(31, 84)
(91, 64)
(96, 63)
(51, 35)
(30, 17)
(39, 17)
(23, 31)
(40, 53)
(100, 75)
(56, 76)
(91, 169)
(19, 80)
(56, 76)
(103, 169)
(56, 76)
(27, 51)
(43, 35)
(31, 174)
(51, 52)
(56, 76)
(33, 89)
(47, 22)
(26, 47)
(142, 20)
(56, 76)
(83, 137)
(56, 76)
(70, 57)
(64, 17)
(21, 118)
(168, 173)
(154, 23)
(94, 74)
(38, 141)
(73, 55)
(56, 76)
(56, 76)
(113, 183)
(65, 181)
(56, 76)
(61, 68)
(56, 76)
(19, 28)
(53, 38)
(78, 115)
(61, 25)
(37, 45)
(19, 84)
(69, 62)
(213, 171)
(53, 20)
(26, 130)
(54, 28)
(24, 84)
(22, 125)
(27, 74)
(28, 53)
(82, 63)
(137, 180)
(83, 71)
(44, 51)
(97, 56)
(21, 37)
(72, 65)
(52, 17)
(46, 17)
(64, 21)
(72, 65)
(56, 76)
(150, 21)
(173, 160)
(26, 65)
(54, 31)
(64, 175)
(72, 53)
(17, 99)
(56, 76)
(66, 61)
(142, 18)
(24, 122)
(56, 76)
(68, 58)
(91, 63)
(114, 39)
(71, 54)
(51, 19)
(77, 65)
(26, 86)
(92, 61)
(56, 76)
(186, 176)
(19, 41)
(166, 152)
(20, 157)
(26, 150)
(17, 25)
(68, 61)
(56, 76)
(98, 148)
(134, 21)
(55, 138)
(68, 61)
(25, 157)
(56, 76)
(56, 17)
(52, 113)
(167, 34)
(52, 17)
(61, 20)
(66, 17)
(98, 55)
(62, 25)
(61, 26)
(19, 63)
(56, 76)
(56, 76)
(26, 140)
(51, 42)
(103, 70)
(18, 85)
(105, 79)
(103, 74)
(79, 62)
(32, 80)
(21, 35)
(55, 72)
(103, 57)
(164, 181)
(53, 18)
(67, 60)
(56, 76)
(50, 179)
(33, 74)
(48, 57)
(42, 26)
(31, 54)
(29, 66)
(56, 76)
(21, 105)
(56, 76)
(72, 57)
(90, 69)
(62, 21)
(40, 31)
(39, 115)
(21, 163)
(69, 61)
(65, 20)
(28, 176)
(64, 19)
(56, 76)
(29, 183)
(137, 180)
(69, 62)
(56, 76)
(116, 38)
(63, 58)
(32, 28)
(34, 50)
(52, 122)
(76, 64)
(150, 44)
(80, 121)
(30, 63)
(67, 19)
(35, 29)
(53, 28)
(56, 76)
(46, 27)
(38, 27)
(56, 28)
(66, 60)
(36, 183)
(87, 181)
(125, 40)
(24, 33)
(23, 161)
(21, 103)
(32, 38)
(34, 104)
(40, 49)
(50, 137)
(78, 116)
(49, 52)
(64, 115)
(32, 79)
(50, 67)
(47, 55)
(72, 53)
(72, 53)
(32, 43)
(117, 177)
(32, 23)
(33, 112)
(20, 34)
(24, 69)
(56, 76)
(21, 28)
(86, 132)
(49, 171)
(26, 21)
(41, 102)
(17, 55)
(36, 40)
(67, 118)
(89, 66)
(102, 62)
(47, 172)
(62, 111)
(32, 64)
(99, 54)
(23, 31)
(24, 127)
(52, 140)
(20, 26)
(20, 86)
(90, 71)
(95, 123)
(56, 76)
(56, 76)
(33, 70)
(21, 29)
(32, 52)
(84, 67)
(55, 21)
(72, 56)
(103, 79)
(95, 153)
(72, 53)
(20, 54)
(30, 110)
(97, 126)
(120, 46)
(34, 45)
(52, 183)
(101, 66)
(28, 49)
(17, 35)
(36, 106)
(56, 76)
(59, 68)
(98, 59)
(83, 71)
(49, 38)
(99, 66)
(136, 142)
(17, 146)
(70, 62)
(49, 54)
(56, 76)
(18, 96)
(64, 17)
(62, 19)
(57, 115)
(19, 79)
(56, 31)
(24, 65)
(52, 20)
(17, 81)
(32, 95)
(103, 79)
(22, 17)
(17, 36)
(82, 165)
(90, 73)
(31, 68)
(33, 17)
(53, 37)
(22, 154)
(56, 76)
(32, 96)
(29, 49)
(23, 93)
(43, 38)
(18, 93)
(27, 54)
(175, 168)
(28, 50)
(100, 65)
(61, 20)
(35, 51)
(126, 182)
(53, 21)
(21, 61)
(60, 179)
(46, 124)
(17, 99)
(21, 84)
(81, 178)
(32, 101)
(25, 26)
(64, 20)
(122, 141)
(56, 76)
(20, 75)
(65, 22)
(56, 76)
(53, 71)
(56, 76)
(56, 76)
(19, 77)
(57, 18)
(100, 75)
(68, 19)
(56, 17)
(30, 30)
(46, 17)
(56, 20)
(53, 66)
(46, 22)
(56, 76)
(59, 126)
(56, 76)
(132, 35)
(90, 65)
(17, 129)
(53, 37)
(104, 79)
(21, 55)
(22, 55)
(51, 183)
(18, 67)
(57, 19)
(37, 102)
(48, 57)
(68, 61)
(65, 17)
(26, 116)
(101, 70)
(89, 73)
(21, 144)
(17, 164)
(29, 62)
(30, 77)
(30, 80)
(60, 23)
(61, 18)
(112, 165)
(71, 64)
(59, 23)
(56, 76)
(50, 22)
(27, 35)
(65, 18)
(31, 181)
(91, 65)
(33, 122)
(65, 22)
(66, 59)
(35, 54)
(56, 76)
(48, 65)
(28, 41)
(90, 73)
(53, 69)
(65, 22)
(56, 76)
(103, 78)
(35, 97)
(20, 60)
(17, 99)
(17, 173)
(63, 24)
(56, 76)
(66, 60)
(53, 63)
(148, 68)
(36, 43)
(65, 22)
(103, 66)
(28, 41)
(23, 110)
(56, 76)
(18, 167)
(49, 158)
(98, 76)
(24, 17)
(31, 58)
(22, 103)
(37, 27)
(72, 123)
(20, 122)
(17, 98)
(65, 22)
(70, 58)
(56, 76)
(17, 91)
(31, 83)
(56, 76)
(59, 112)
(65, 18)
(46, 45)
(127, 144)
(40, 54)
(25, 18)
(51, 21)
(38, 148)
(27, 161)
(56, 76)
(79, 68)
(29, 24)
(51, 45)
(96, 124)
(46, 127)
(48, 57)
(109, 182)
(20, 153)
(58, 65)
(61, 22)
(56, 76)
(17, 116)
(103, 79)
(24, 17)
(37, 31)
(65, 22)
(66, 175)
(117, 144)
(49, 38)
(19, 62)
(20, 119)
(73, 66)
(37, 53)
(23, 69)
(21, 83)
(56, 76)
(56, 76)
(61, 25)
(48, 36)
(69, 62)
(17, 69)
(126, 28)
(33, 21)
(65, 134)
(39, 66)
(169, 21)
(148, 55)
(53, 42)
(146, 160)
(17, 161)
(29, 80)
(30, 103)
(155, 47)
(56, 76)
(116, 132)
(60, 133)
(56, 76)
(20, 162)
(72, 65)
(40, 39)
(48, 174)
(56, 76)
(69, 182)
(62, 18)
(46, 27)
(21, 95)
(30, 40)
(25, 79)
(56, 76)
(27, 33)
(85, 70)
(88, 72)
(63, 58)
(59, 181)
(63, 24)
(38, 63)
(52, 17)
(37, 174)
(56, 76)
(58, 70)
(56, 76)
(66, 59)
(26, 28)
(31, 110)
(128, 172)
(72, 65)
(70, 51)
(43, 20)
(91, 181)
(25, 17)
(25, 33)
(62, 18)
(56, 76)
(43, 55)
(72, 65)
(22, 72)
(101, 66)
(56, 76)
(18, 41)
(50, 31)
(56, 76)
(34, 63)
(88, 72)
(31, 101)
(25, 17)
(47, 38)
(46, 21)
(18, 172)
(100, 60)
(50, 19)
(56, 76)
(18, 127)
(32, 66)
(148, 169)
(47, 28)
(38, 183)
(19, 32)
(35, 64)
(44, 23)
(97, 56)
(51, 59)
(63, 58)
(68, 57)
(56, 76)
(101, 56)
(19, 33)
(33, 99)
(31, 77)
(52, 177)
(56, 76)
(88, 181)
(31, 24)
(56, 76)
(36, 55)
(136, 170)
(56, 76)
(33, 70)
(18, 142)
(56, 76)
(47, 183)
(56, 76)
(18, 18)
(136, 141)
(73, 66)
(50, 22)
(88, 72)
(63, 17)
(42, 67)
(17, 33)
(90, 73)
(47, 45)
(56, 76)
(114, 43)
(56, 76)
(121, 138)
(35, 27)
(36, 181)
(70, 180)
(153, 150)
(89, 121)
(80, 173)
(29, 44)
(56, 21)
(93, 70)
(53, 69)
(22, 30)
(17, 33)
(24, 20)
(22, 34)
(30, 77)
(56, 76)
(20, 65)
(17, 146)
(32, 46)
(60, 112)
(56, 76)
(119, 36)
(18, 89)
(82, 69)
(17, 38)
(170, 31)
(56, 76)
(117, 46)
(49, 63)
(66, 21)
(29, 50)
(19, 64)
(52, 70)
(19, 65)
(206, 169)
(66, 121)
(74, 142)
(44, 60)
(104, 77)
(151, 50)
(53, 54)
(56, 76)
(62, 21)
(77, 115)
(56, 76)
(110, 178)
(53, 175)
(163, 166)
(28, 105)
(56, 76)
(46, 21)
(72, 65)
(23, 160)
(56, 76)
(42, 19)
(25, 27)
(53, 70)
(56, 76)
(58, 27)
(26, 68)
(51, 36)
(56, 76)
(82, 63)
(56, 76)
(157, 32)
(23, 34)
(91, 71)
(56, 76)
(55, 21)
(69, 17)
(21, 147)
(67, 17)
(23, 127)
(55, 23)
(47, 62)
(61, 24)
(34, 18)
(22, 18)
(56, 76)
(27, 165)
(56, 76)
(91, 69)
(66, 59)
(36, 166)
(54, 70)
(97, 56)
(24, 34)
(161, 22)
(50, 42)
(71, 114)
(48, 168)
(24, 102)
(36, 51)
(56, 76)
(90, 67)
(63, 64)
(93, 73)
(47, 34)
(17, 43)
(70, 58)
(30, 97)
(24, 66)
(18, 132)
(53, 70)
(32, 29)
(56, 76)
(20, 30)
(74, 116)
(47, 19)
(55, 20)
(161, 33)
(30, 51)
(68, 61)
(57, 27)
(51, 50)
(26, 64)
(70, 62)
(65, 20)
(18, 85)
(93, 121)
(24, 155)
(58, 26)
(17, 36)
(66, 60)
(30, 85)
(59, 22)
(25, 90)
(56, 76)
(90, 71)
(61, 20)
(17, 78)
(51, 18)
(129, 47)
(111, 48)
(56, 76)
(56, 76)
(70, 17)
(30, 89)
(27, 149)
(121, 54)
(54, 70)
(50, 69)
(63, 58)
(102, 78)
(23, 26)
(45, 17)
(56, 76)
(52, 22)
(56, 76)
(56, 76)
(53, 39)
(27, 26)
(69, 52)
(18, 18)
(17, 48)
(50, 69)
(36, 42)
(28, 33)
(28, 182)
(33, 143)
(99, 68)
(58, 23)
(56, 76)
(56, 76)
(18, 120)
(117, 54)
(56, 76)
(52, 45)
(41, 46)
(67, 60)
(60, 140)
(56, 76)
(102, 59)
(105, 172)
(25, 42)
(171, 156)
(100, 71)
(33, 56)
(28, 31)
(70, 51)
(21, 30)
(30, 70)
(17, 70)
(95, 63)
(50, 24)
(66, 18)
(19, 63)
(17, 32)
(20, 30)
(164, 152)
(29, 49)
(20, 149)
(63, 18)
(40, 53)
(34, 22)
(56, 76)
(54, 122)
(29, 49)
(98, 76)
(18, 17)
(55, 108)
(17, 68)
(95, 72)
(67, 17)
(17, 173)
(59, 27)
(56, 76)
(59, 23)
(51, 22)
(61, 17)
(53, 71)
(20, 30)
(20, 21)
(29, 49)
(29, 25)
(17, 42)
(20, 30)
(56, 76)
(76, 180)
(35, 64)
(19, 19)
(53, 40)
(56, 76)
(53, 105)
(87, 68)
(67, 20)
(81, 64)
(22, 48)
(35, 22)
(22, 25)
(17, 69)
(45, 66)
(96, 76)
(147, 160)
(20, 30)
(18, 83)
(45, 20)
(56, 76)
(20, 18)
(52, 37)
(57, 19)
(17, 69)
(56, 76)
(63, 58)
(56, 76)
(55, 70)
(19, 34)
(62, 25)
(94, 121)
(118, 164)
(56, 76)
(56, 76)
(56, 76)
(34, 28)
(84, 67)
(23, 120)
(42, 19)
(112, 51)
(20, 29)
(23, 18)
(92, 61)
(48, 25)
(20, 59)
(55, 25)
(98, 75)
(32, 45)
(24, 19)
(103, 57)
(96, 123)
(56, 76)
(68, 61)
(20, 30)
(24, 27)
(31, 81)
(20, 30)
(18, 175)
(89, 66)
(48, 27)
(69, 57)
(20, 30)
(103, 53)
(27, 51)
(91, 62)
(56, 76)
(53, 170)
(20, 86)
(99, 175)
(72, 66)
(18, 25)
(68, 19)
(29, 49)
(56, 76)
(17, 38)
(47, 67)
(20, 17)
(19, 39)
(22, 19)
(20, 30)
(72, 65)
(47, 20)
(23, 18)
(55, 20)
(17, 91)
(19, 89)
(49, 46)
(20, 31)
(56, 76)
(27, 172)
(71, 64)
(99, 66)
(122, 147)
(56, 76)
(68, 61)
(92, 152)
(105, 79)
(65, 18)
(80, 68)
(50, 40)
(149, 66)
(40, 22)
(31, 17)
(56, 76)
(66, 59)
(58, 111)
(71, 64)
(65, 17)
(56, 27)
(17, 60)
(108, 174)
(59, 21)
(22, 36)
(25, 165)
(17, 64)
(22, 65)
(30, 180)
(46, 32)
(48, 19)
(18, 32)
(33, 85)
(17, 32)
(56, 76)
(91, 65)
(31, 44)
(110, 181)
(91, 62)
(27, 26)
(17, 32)
(93, 70)
(48, 178)
(30, 43)
(20, 28)
(17, 69)
(51, 68)
(56, 76)
(55, 72)
(47, 46)
(96, 76)
(30, 30)
(119, 147)
(17, 101)
(56, 76)
(17, 39)
(18, 98)
(23, 30)
(56, 76)
(31, 24)
(30, 41)
(141, 32)
(116, 132)
(66, 19)
(17, 33)
(49, 69)
(56, 76)
(48, 111)
(29, 43)
(94, 68)
(165, 156)
(56, 76)
(111, 175)
(20, 183)
(72, 65)
(40, 137)
(46, 65)
(17, 29)
(72, 66)
(50, 48)
(63, 19)
(37, 18)
(52, 39)
(36, 19)
(56, 76)
(56, 76)
(35, 175)
(92, 66)
(56, 76)
(56, 76)
(33, 46)
(53, 175)
(72, 65)
(17, 40)
(62, 23)
(24, 19)
(17, 28)
(89, 66)
(17, 40)
(31, 105)
(70, 58)
(19, 59)
(17, 64)
(23, 68)
(70, 63)
(17, 64)
(54, 67)
(21, 142)
(52, 105)
(26, 17)
(26, 183)
(58, 22)
(28, 22)
(45, 30)
(56, 76)
(81, 70)
(49, 60)
(17, 82)
(29, 141)
(20, 109)
(56, 76)
(54, 70)
(58, 17)
(41, 25)
(24, 62)
(52, 166)
(28, 69)
(56, 76)
(56, 114)
(33, 48)
(64, 62)
(39, 47)
(55, 31)
(63, 151)
(59, 64)
(51, 70)
(17, 80)
(58, 169)
(26, 69)
(17, 69)
(22, 62)
(31, 135)
(22, 58)
(23, 69)
(17, 40)
(91, 68)
(50, 47)
(24, 83)
(40, 56)
(70, 62)
(29, 28)
(32, 97)
(44, 33)
(31, 87)
(63, 18)
(45, 66)
(33, 73)
(91, 62)
(22, 25)
(52, 18)
(17, 42)
(22, 56)
(35, 57)
(61, 17)
(22, 25)
(20, 31)
(17, 40)
(22, 75)
(111, 128)
(68, 18)
(27, 72)
(71, 64)
(50, 41)
(51, 41)
(44, 48)
(72, 66)
(22, 25)
(56, 76)
(56, 76)
(59, 18)
(56, 76)
(20, 71)
(39, 24)
(25, 49)
(23, 87)
(22, 79)
(72, 65)
(51, 17)
(92, 63)
(17, 64)
(19, 182)
(20, 71)
(38, 23)
(58, 71)
(17, 147)
(97, 134)
(37, 39)
(56, 31)
(31, 49)
(56, 76)
(17, 42)
(17, 151)
(28, 48)
(100, 70)
(52, 17)
(74, 66)
(65, 59)
(98, 65)
(26, 56)
(31, 55)
(41, 22)
(38, 62)
(52, 35)
(40, 32)
(67, 55)
(53, 31)
(62, 23)
(70, 63)
(20, 32)
(64, 19)
(61, 158)
(18, 22)
(56, 71)
(19, 27)
(17, 104)
(20, 88)
(20, 18)
(19, 21)
(20, 61)
(74, 60)
(33, 46)
(22, 21)
(55, 24)
(32, 37)
(34, 173)
(62, 18)
(51, 19)
(67, 20)
(65, 18)
(191, 164)
(27, 30)
(105, 80)
(56, 76)
(140, 21)
(115, 50)
(45, 18)
(35, 104)
(139, 21)
(41, 63)
(90, 72)
(63, 20)
(130, 34)
(163, 17)
(20, 111)
(70, 62)
(29, 21)
(83, 67)
(113, 47)
(23, 68)
(24, 84)
(89, 68)
(108, 149)
(30, 62)
(89, 64)
(18, 34)
(21, 30)
(42, 62)
(48, 68)
(58, 17)
(56, 76)
(17, 69)
(50, 28)
(58, 66)
(21, 30)
(70, 63)
(18, 131)
(96, 76)
(34, 24)
(160, 37)
(93, 67)
(48, 21)
(89, 177)
(57, 20)
(56, 76)
(77, 130)
(30, 34)
(21, 30)
(36, 182)
(24, 23)
(33, 83)
(24, 97)
(24, 100)
(21, 178)
(96, 76)
(32, 58)
(21, 120)
(47, 40)
(17, 49)
(115, 173)
(88, 65)
(24, 20)
(53, 64)
(59, 108)
(64, 19)
(51, 39)
(88, 69)
(35, 60)
(85, 70)
(56, 76)
(17, 64)
(28, 77)
(52, 66)
(56, 76)
(24, 29)
(35, 19)
(40, 57)
(99, 131)
(33, 58)
(21, 141)
(28, 78)
(19, 166)
(111, 175)
(57, 26)
(56, 76)
(44, 34)
(132, 148)
(103, 54)
(46, 31)
(21, 29)
(123, 35)
(67, 20)
(29, 18)
(77, 68)
(105, 79)
(121, 40)
(41, 34)
(21, 67)
(26, 32)
(56, 76)
(17, 82)
(30, 41)
(31, 82)
(22, 63)
(146, 59)
(70, 51)
(19, 23)
(50, 66)
(64, 22)
(19, 23)
(112, 47)
(17, 82)
(56, 76)
(56, 76)
(52, 21)
(92, 70)
(108, 45)
(66, 63)
(56, 76)
(21, 26)
(140, 172)
(56, 76)
(66, 59)
(26, 72)
(70, 62)
(52, 53)
(105, 79)
(72, 66)
(58, 18)
(46, 18)
(68, 61)
(73, 66)
(60, 26)
(17, 33)
(17, 70)
(17, 168)
(17, 54)
(56, 29)
(71, 63)
(28, 75)
(56, 76)
(17, 51)
(52, 115)
(45, 19)
(21, 30)
(103, 54)
(25, 21)
(24, 19)
(56, 76)
(103, 54)
(18, 27)
(20, 23)
(17, 91)
(47, 58)
(56, 76)
(40, 17)
(44, 42)
(21, 138)
(19, 74)
(45, 45)
(56, 76)
(90, 131)
(21, 41)
(56, 76)
(45, 50)
(50, 57)
(24, 73)
(17, 21)
(65, 19)
(22, 124)
(52, 22)
(64, 17)
(65, 59)
(33, 69)
(30, 76)
(17, 120)
(51, 145)
(53, 37)
(19, 47)
(66, 110)
(56, 76)
(52, 20)
(61, 17)
(34, 162)
(50, 22)
(49, 67)
(39, 17)
(63, 58)
(38, 42)
(88, 66)
(90, 163)
(62, 23)
(21, 36)
(17, 32)
(67, 171)
(23, 47)
(72, 54)
(34, 134)
(72, 65)
(147, 64)
(103, 77)
(71, 55)
(56, 76)
(19, 67)
(26, 38)
(20, 85)
(32, 30)
(56, 76)
(131, 37)
(62, 21)
(65, 18)
(56, 73)
(50, 22)
(56, 76)
(40, 17)
(50, 19)
(67, 20)
(26, 67)
(18, 18)
(79, 138)
(62, 63)
(56, 76)
(62, 65)
(56, 76)
(67, 54)
(60, 27)
(56, 76)
(22, 17)
(30, 40)
(66, 17)
(99, 74)
(100, 54)
(97, 63)
(23, 45)
(43, 145)
(46, 29)
(56, 76)
(51, 36)
(61, 25)
(62, 25)
(56, 76)
(27, 70)
(23, 98)
(105, 79)
(23, 65)
(53, 148)
(70, 63)
(158, 28)
(61, 111)
(17, 34)
(19, 50)
(57, 20)
(53, 18)
(17, 54)
(58, 22)
(89, 68)
(17, 67)
(17, 33)
(32, 60)
(79, 69)
(86, 69)
(44, 29)
(36, 19)
(27, 91)
(55, 19)
(25, 17)
(47, 29)
(59, 143)
(67, 17)
(34, 170)
(59, 130)
(39, 17)
(38, 99)
(19, 64)
(105, 79)
(18, 73)
(17, 94)
(20, 51)
(51, 34)
(49, 69)
(85, 69)
(56, 76)
(30, 48)
(56, 76)
(53, 41)
(58, 28)
(56, 76)
(70, 147)
(20, 31)
(56, 76)
(56, 76)
(21, 33)
(56, 76)
(36, 64)
(38, 57)
(47, 26)
(17, 32)
(64, 62)
(172, 159)
(17, 60)
(56, 76)
(87, 123)
(68, 62)
(70, 51)
(139, 50)
(109, 48)
(21, 30)
(65, 19)
(19, 30)
(17, 49)
(34, 25)
(69, 180)
(22, 47)
(17, 181)
(31, 67)
(56, 76)
(19, 17)
(26, 17)
(17, 32)
(17, 35)
(54, 71)
(93, 62)
(117, 45)
(62, 155)
(20, 21)
(71, 58)
(75, 152)
(17, 64)
(54, 71)
(58, 63)
(44, 39)
(52, 35)
(22, 25)
(56, 76)
(17, 73)
(103, 54)
(105, 80)
(46, 183)
(42, 51)
(58, 106)
(56, 76)
(22, 69)
(17, 77)
(65, 181)
(58, 26)
(26, 34)
(23, 17)
(56, 76)
(69, 62)
(58, 18)
(20, 21)
(25, 63)
(42, 19)
(33, 17)
(19, 180)
(73, 66)
(59, 19)
(19, 67)
(18, 73)
(21, 50)
(56, 76)
(23, 121)
(51, 17)
(66, 17)
(42, 25)
(53, 53)
(25, 96)
(80, 68)
(23, 28)
(80, 68)
(53, 22)
(60, 18)
(52, 17)
(45, 106)
(17, 81)
(102, 63)
(56, 76)
(87, 122)
(83, 117)
(44, 68)
(51, 54)
(103, 72)
(18, 36)
(56, 76)
(19, 135)
(19, 183)
(56, 76)
(117, 45)
(33, 47)
(72, 66)
(53, 21)
(63, 58)
(56, 76)
(33, 23)
(23, 66)
(41, 35)
(89, 64)
(63, 137)
(75, 57)
(23, 85)
(140, 176)
(55, 20)
(32, 23)
(24, 28)
(55, 71)
(103, 61)
(39, 39)
(56, 76)
(52, 24)
(25, 136)
(56, 76)
(65, 58)
(90, 72)
(90, 64)
(49, 20)
(56, 76)
(92, 135)
(41, 57)
(56, 76)
(56, 76)
(56, 76)
(34, 18)
(41, 21)
(53, 124)
(101, 57)
(55, 20)
(26, 17)
(41, 30)
(24, 34)
(91, 66)
(17, 34)
(22, 34)
(31, 21)
(58, 71)
(52, 54)
(44, 26)
(17, 33)
(19, 25)
(34, 176)
(26, 53)
(90, 71)
(43, 27)
(29, 51)
(31, 33)
(75, 67)
(17, 77)
(120, 59)
(17, 34)
(36, 61)
(32, 43)
(100, 68)
(17, 34)
(82, 64)
(54, 22)
(62, 20)
(17, 114)
(45, 34)
(22, 34)
(57, 176)
(172, 78)
(27, 172)
(56, 76)
(56, 76)
(24, 56)
(27, 33)
(56, 76)
(21, 20)
(57, 21)
(42, 149)
(18, 26)
(84, 69)
(53, 22)
(35, 64)
(34, 27)
(71, 64)
(56, 76)
(56, 76)
(56, 76)
(22, 34)
(56, 76)
(46, 23)
(90, 68)
(21, 91)
(21, 162)
(69, 182)
(67, 20)
(56, 76)
(59, 109)
(20, 28)
(17, 34)
(69, 180)
(66, 17)
(73, 66)
(73, 66)
(44, 23)
(56, 65)
(124, 29)
(48, 158)
(29, 18)
(34, 44)
(28, 49)
(80, 67)
(36, 181)
(31, 43)
(28, 19)
(40, 34)
(55, 23)
(18, 143)
(46, 30)
(17, 87)
(68, 61)
(19, 85)
(122, 36)
(17, 64)
(84, 71)
(25, 34)
(49, 132)
(46, 67)
(56, 76)
(19, 135)
(74, 62)
(17, 52)
(52, 19)
(73, 66)
(38, 22)
(56, 76)
(67, 60)
(55, 72)
(89, 64)
(36, 64)
(44, 19)
(157, 28)
(62, 21)
(37, 53)
(17, 82)
(23, 25)
(58, 18)
(17, 99)
(56, 76)
(61, 62)
(58, 63)
(74, 55)
(24, 47)
(80, 68)
(56, 76)
(41, 155)
(17, 67)
(91, 62)
(40, 19)
(101, 67)
(56, 65)
(52, 27)
(148, 38)
(19, 98)
(56, 76)
(70, 60)
(56, 76)
(44, 38)
(17, 70)
(19, 76)
(33, 21)
(56, 76)
(56, 76)
(115, 44)
(23, 28)
(61, 22)
(103, 79)
(89, 65)
(67, 60)
(56, 68)
(25, 29)
(104, 77)
(17, 35)
(53, 22)
(52, 22)
(17, 18)
(21, 22)
(63, 17)
(22, 55)
(54, 72)
(17, 80)
(96, 61)
(65, 18)
(53, 36)
(56, 76)
(17, 44)
(30, 76)
(72, 66)
(41, 18)
(128, 29)
(42, 67)
(96, 63)
(19, 20)
(24, 56)
(63, 63)
(56, 76)
(146, 27)
(68, 19)
(63, 58)
(129, 140)
(25, 143)
(51, 18)
(17, 105)
(23, 20)
(50, 46)
(21, 49)
(41, 34)
(20, 18)
(58, 17)
(20, 21)
(25, 53)
(25, 97)
(24, 76)
(28, 44)
(50, 28)
(47, 18)
(56, 76)
(56, 76)
(37, 98)
(52, 59)
(68, 17)
(21, 62)
(20, 23)
(27, 21)
(30, 172)
(56, 76)
(104, 78)
(30, 50)
(56, 76)
(56, 76)
(53, 71)
(51, 19)
(56, 76)
(65, 17)
(17, 65)
(65, 17)
(41, 25)
(56, 76)
(30, 78)
(48, 49)
(36, 20)
(19, 32)
(25, 31)
(17, 34)
(71, 64)
(81, 146)
(56, 76)
(47, 26)
(56, 76)
(44, 65)
(53, 52)
(17, 55)
(56, 76)
(52, 67)
(45, 33)
(53, 28)
(22, 30)
(50, 37)
(32, 23)
(56, 20)
(63, 19)
(17, 52)
(34, 23)
(25, 18)
(24, 152)
(72, 113)
(20, 42)
(20, 79)
(212, 181)
(24, 83)
(24, 83)
(32, 54)
(56, 76)
(17, 58)
(20, 85)
(161, 25)
(26, 31)
(53, 33)
(76, 60)
(68, 62)
(26, 153)
(84, 66)
(64, 173)
(22, 26)
(19, 62)
(21, 30)
(71, 64)
(41, 32)
(27, 19)
(26, 28)
(34, 22)
(25, 145)
(53, 107)
(33, 88)
(112, 182)
(35, 48)
(52, 27)
(51, 70)
(49, 45)
(45, 60)
(33, 40)
(24, 83)
(46, 22)
(37, 22)
(53, 71)
(34, 23)
(156, 161)
(56, 76)
(36, 47)
(156, 44)
(31, 17)
(51, 63)
(56, 76)
(49, 55)
(72, 65)
(53, 39)
(24, 22)
(37, 52)
(56, 76)
(34, 22)
(27, 26)
(56, 76)
(31, 40)
(90, 72)
(61, 109)
(32, 70)
(37, 101)
(24, 41)
(44, 32)
(25, 17)
(34, 23)
(56, 76)
(18, 18)
(24, 48)
(21, 93)
(89, 70)
(21, 82)
(91, 68)
(69, 64)
(58, 29)
(56, 76)
(18, 32)
(17, 53)
(122, 136)
(20, 67)
(17, 52)
(20, 75)
(24, 63)
(56, 76)
(56, 76)
(47, 20)
(56, 76)
(90, 73)
(29, 125)
(26, 26)
(50, 22)
(23, 54)
(57, 69)
(21, 61)
(56, 76)
(18, 34)
(17, 69)
(100, 71)
(56, 76)
(60, 18)
(73, 63)
(42, 20)
(25, 19)
(56, 76)
(43, 49)
(38, 52)
(52, 43)
(91, 67)
(52, 55)
(53, 104)
(32, 53)
(67, 20)
(56, 76)
(18, 38)
(21, 19)
(56, 76)
(70, 59)
(23, 17)
(56, 76)
(156, 30)
(90, 63)
(162, 19)
(54, 22)
(34, 44)
(53, 66)
(56, 76)
(20, 27)
(21, 73)
(56, 76)
(56, 76)
(56, 76)
(60, 25)
(51, 70)
(36, 103)
(43, 38)
(90, 72)
(63, 58)
(52, 20)
(20, 85)
(91, 66)
(20, 17)
(26, 107)
(56, 76)
(44, 31)
(56, 76)
(32, 93)
(33, 56)
(100, 77)
(82, 63)
(56, 76)
(20, 171)
(118, 50)
(21, 41)
(91, 68)
(175, 23)
(30, 43)
(44, 41)
(73, 66)
(33, 46)
(37, 17)
(56, 76)
(50, 23)
(25, 34)
(35, 28)
(17, 35)
(26, 34)
(44, 40)
(21, 60)
(92, 68)
(39, 37)
(73, 66)
(56, 76)
(21, 119)
(70, 65)
(26, 56)
(39, 30)
(17, 35)
(59, 20)
(74, 64)
(49, 65)
(73, 66)
(28, 170)
(36, 20)
(54, 105)
(26, 96)
(35, 22)
(44, 56)
(46, 21)
(56, 76)
(53, 32)
(24, 174)
(22, 145)
(22, 79)
(18, 17)
(103, 69)
(56, 76)
(47, 18)
(53, 34)
(67, 119)
(25, 67)
(56, 76)
(70, 63)
(56, 76)
(99, 74)
(56, 76)
(90, 63)
(53, 18)
(39, 56)
(56, 76)
(20, 40)
(89, 64)
(24, 23)
(89, 68)
(88, 66)
(19, 91)
(38, 61)
(19, 39)
(96, 59)
(68, 61)
(20, 80)
(90, 64)
(93, 143)
(17, 24)
(44, 58)
(68, 64)
(18, 80)
(92, 61)
(77, 65)
(24, 31)
(21, 30)
(56, 76)
(18, 32)
(20, 17)
(17, 119)
(26, 17)
(53, 21)
(56, 76)
(164, 181)
(33, 84)
(65, 59)
(23, 149)
(70, 63)
(26, 62)
(100, 63)
(44, 46)
(56, 76)
(35, 30)
(35, 43)
(56, 76)
(97, 76)
(100, 63)
(69, 17)
(50, 17)
(50, 23)
(20, 103)
(72, 65)
(56, 76)
(34, 55)
(37, 26)
(33, 23)
(56, 76)
(40, 46)
(33, 178)
(56, 76)
(54, 69)
(50, 22)
(27, 50)
(57, 150)
(25, 49)
(46, 17)
(117, 182)
(20, 32)
(67, 18)
(56, 76)
(54, 33)
(39, 102)
(111, 49)
(63, 58)
(94, 60)
(21, 19)
(98, 68)
(29, 49)
(50, 29)
(19, 25)
(82, 68)
(23, 68)
(132, 170)
(56, 76)
(27, 22)
(34, 23)
(39, 33)
(45, 143)
(130, 49)
(72, 62)
(91, 73)
(56, 76)
(50, 108)
(93, 60)
(65, 59)
(44, 23)
(28, 47)
(75, 113)
(50, 52)
(67, 60)
(17, 32)
(19, 45)
(17, 44)
(23, 29)
(91, 62)
(120, 183)
(54, 18)
(91, 71)
(39, 157)
(50, 63)
(40, 21)
(91, 62)
(77, 61)
(66, 58)
(22, 77)
(33, 25)
(56, 76)
(52, 52)
(32, 43)
(40, 24)
(101, 56)
(17, 173)
(43, 62)
(37, 17)
(56, 76)
(56, 76)
(17, 34)
(75, 175)
(56, 76)
(56, 76)
(50, 108)
(27, 107)
(28, 25)
(31, 80)
(31, 94)
(74, 55)
(28, 40)
(56, 76)
(18, 27)
(48, 55)
(46, 116)
(26, 74)
(17, 108)
(76, 157)
(23, 22)
(33, 17)
(39, 64)
(72, 65)
(27, 18)
(17, 59)
(23, 68)
(72, 171)
(31, 81)
(67, 60)
(51, 51)
(25, 21)
(51, 23)
(22, 25)
(41, 17)
(56, 17)
(29, 18)
(62, 67)
(66, 17)
(56, 76)
(17, 39)
(51, 26)
(58, 28)
(20, 177)
(23, 71)
(57, 126)
(23, 29)
(45, 60)
(56, 22)
(56, 76)
(100, 68)
(51, 70)
(64, 17)
(104, 77)
(21, 56)
(30, 72)
(27, 100)
(56, 76)
(91, 73)
(56, 76)
(19, 22)
(143, 29)
(87, 68)
(70, 63)
(50, 108)
(72, 63)
(72, 62)
(17, 31)
(88, 66)
(113, 180)
(49, 24)
(153, 46)
(28, 19)
(103, 77)
(20, 92)
(57, 72)
(53, 57)
(18, 36)
(56, 76)
(34, 22)
(56, 76)
(58, 20)
(56, 76)
(48, 45)
(36, 19)
(56, 76)
(56, 76)
(56, 76)
(31, 37)
(19, 39)
(56, 76)
(17, 72)
(17, 44)
(51, 34)
(18, 27)
(129, 49)
(17, 86)
(17, 34)
(25, 17)
(19, 91)
(112, 146)
(49, 44)
(24, 36)
(56, 76)
(18, 29)
(18, 18)
(89, 70)
(53, 28)
(60, 20)
(18, 36)
(20, 75)
(100, 58)
(19, 63)
(17, 57)
(27, 50)
(112, 50)
(53, 60)
(40, 25)
(40, 29)
(148, 43)
(48, 30)
(38, 20)
(28, 19)
(129, 29)
(23, 57)
(101, 54)
(76, 116)
(48, 19)
(56, 76)
(73, 61)
(17, 44)
(117, 137)
(56, 76)
(56, 76)
(17, 39)
(103, 77)
(193, 180)
(96, 66)
(21, 21)
(211, 179)
(18, 29)
(34, 55)
(26, 32)
(56, 76)
(50, 24)
(68, 59)
(65, 59)
(56, 26)
(17, 32)
(51, 66)
(27, 34)
(17, 29)
(46, 29)
(21, 49)
(49, 31)
(19, 53)
(36, 21)
(56, 76)
(17, 95)
(28, 85)
(53, 45)
(17, 68)
(56, 76)
(25, 26)
(155, 44)
(22, 82)
(22, 80)
(25, 24)
(69, 111)
(153, 50)
(30, 25)
(34, 22)
(56, 76)
(56, 76)
(91, 71)
(26, 20)
(56, 76)
(42, 17)
(56, 76)
(66, 18)
(91, 62)
(40, 59)
(26, 95)
(89, 67)
(60, 25)
(26, 35)
(103, 75)
(26, 50)
(47, 28)
(61, 17)
(66, 60)
(49, 67)
(22, 58)
(19, 106)
(95, 74)
(99, 71)
(23, 46)
(151, 64)
(72, 65)
(42, 44)
(21, 17)
(17, 68)
(99, 67)
(51, 113)
(26, 37)
(44, 53)
(27, 45)
(56, 76)
(97, 154)
(21, 70)
(25, 27)
(53, 40)
(56, 76)
(25, 28)
(56, 76)
(73, 66)
(21, 62)
(96, 63)
(46, 65)
(61, 20)
(57, 26)
(153, 50)
(56, 76)
(69, 61)
(43, 183)
(54, 69)
(33, 17)
(75, 58)
(23, 29)
(41, 43)
(56, 76)
(33, 74)
(59, 65)
(52, 20)
(79, 60)
(19, 34)
(18, 18)
(18, 183)
(30, 24)
(53, 56)
(28, 20)
(66, 19)
(45, 60)
(103, 50)
(53, 34)
(19, 18)
(91, 62)
(64, 65)
(73, 65)
(20, 52)
(24, 28)
(48, 27)
(23, 33)
(41, 47)
(35, 63)
(67, 54)
(56, 76)
(32, 114)
(56, 76)
(50, 18)
(24, 21)
(52, 21)
(56, 76)
(56, 76)
(52, 18)
(71, 64)
(56, 76)
(102, 73)
(22, 17)
(87, 70)
(21, 64)
(61, 25)
(56, 76)
(97, 76)
(17, 21)
(90, 64)
(17, 24)
(95, 69)
(95, 69)
(64, 61)
(29, 25)
(22, 86)
(103, 75)
(57, 70)
(51, 181)
(26, 27)
(29, 56)
(56, 76)
(17, 33)
(24, 86)
(22, 110)
(40, 18)
(30, 28)
(26, 37)
(35, 28)
(104, 132)
(35, 17)
(22, 18)
(52, 20)
(47, 24)
(52, 21)
(21, 58)
(61, 23)
(18, 28)
(59, 28)
(27, 49)
(25, 107)
(51, 56)
(56, 76)
(56, 76)
(56, 76)
(24, 85)
(59, 28)
(56, 76)
(50, 46)
(69, 111)
(67, 60)
(56, 76)
(56, 76)
(114, 135)
(71, 64)
(71, 64)
(76, 68)
(56, 27)
(38, 21)
(18, 95)
(72, 155)
(51, 60)
(22, 80)
(49, 37)
(72, 64)
(56, 76)
(89, 70)
(70, 63)
(27, 183)
(56, 76)
(56, 76)
(35, 47)
(23, 141)
(103, 75)
(25, 88)
(35, 57)
(141, 23)
(39, 27)
(59, 164)
(35, 38)
(56, 76)
(23, 29)
(72, 63)
(20, 33)
(23, 28)
(38, 20)
(56, 76)
(49, 31)
(100, 74)
(23, 28)
(28, 183)
(66, 17)
(100, 72)
(91, 70)
(55, 108)
(71, 64)
(17, 44)
(56, 76)
(172, 74)
(22, 80)
(56, 76)
(56, 76)
(63, 58)
(117, 46)
(56, 76)
(41, 20)
(23, 76)
(28, 68)
(84, 70)
(101, 54)
(56, 76)
(91, 62)
(38, 156)
(20, 76)
(28, 104)
(30, 66)
(19, 25)
(56, 70)
(40, 59)
(61, 17)
(26, 34)
(25, 70)
(18, 161)
(97, 65)
(99, 56)
(97, 68)
(43, 45)
(18, 20)
(56, 76)
(175, 165)
(56, 76)
(56, 76)
(53, 27)
(49, 64)
(20, 34)
(63, 20)
(56, 76)
(56, 76)
(46, 18)
(56, 76)
(65, 59)
(17, 54)
(87, 122)
(40, 19)
(64, 20)
(18, 32)
(65, 59)
(20, 24)
(26, 88)
(20, 25)
(92, 61)
(25, 47)
(56, 76)
(55, 19)
(22, 32)
(20, 45)
(58, 28)
(27, 19)
(69, 61)
(101, 74)
(190, 183)
(53, 68)
(56, 76)
(50, 34)
(56, 76)
(52, 66)
(56, 76)
(60, 21)
(56, 76)
(68, 159)
(103, 75)
(56, 76)
(71, 64)
(56, 76)
(56, 19)
(30, 49)
(26, 154)
(104, 78)
(19, 28)
(68, 61)
(101, 69)
(20, 183)
(36, 31)
(67, 18)
(23, 141)
(57, 17)
(96, 123)
(47, 56)
(41, 33)
(26, 138)
(77, 60)
(56, 76)
(35, 61)
(60, 67)
(63, 60)
(50, 53)
(47, 62)
(21, 74)
(27, 39)
(27, 27)
(64, 63)
(56, 76)
(96, 69)
(63, 17)
(52, 67)
(100, 57)
(31, 24)
(19, 56)
(21, 85)
(52, 121)
(19, 77)
(28, 37)
(20, 22)
(41, 65)
(17, 46)
(36, 21)
(58, 68)
(137, 38)
(56, 76)
(19, 74)
(21, 21)
(17, 155)
(32, 24)
(17, 110)
(151, 71)
(18, 83)
(40, 28)
(65, 59)
(92, 72)
(18, 132)
(67, 17)
(45, 57)
(98, 68)
(84, 69)
(66, 61)
(24, 28)
(17, 68)
(73, 54)
(40, 42)
(17, 35)
(65, 59)
(17, 80)
(50, 57)
(79, 68)
(51, 36)
(37, 64)
(54, 71)
(56, 76)
(25, 67)
(55, 22)
(50, 24)
(33, 54)
(29, 86)
(56, 76)
(36, 49)
(115, 39)
(36, 30)
(37, 50)
(50, 25)
(56, 76)
(93, 61)
(53, 24)
(165, 79)
(28, 80)
(21, 21)
(97, 68)
(80, 159)
(51, 37)
(53, 60)
(137, 38)
(68, 61)
(56, 76)
(19, 55)
(56, 76)
(38, 17)
(19, 83)
(39, 66)
(78, 64)
(19, 18)
(54, 72)
(44, 65)
(67, 54)
(26, 38)
(56, 76)
(60, 23)
(44, 135)
(17, 75)
(56, 76)
(52, 181)
(30, 118)
(72, 65)
(22, 80)
(56, 76)
(86, 72)
(19, 70)
(56, 76)
(56, 76)
(20, 65)
(67, 62)
(19, 51)
(45, 25)
(56, 76)
(97, 68)
(56, 76)
(56, 76)
(17, 41)
(56, 76)
(56, 76)
(23, 76)
(46, 65)
(25, 70)
(84, 69)
(54, 29)
(35, 33)
(27, 137)
(31, 150)
(56, 76)
(72, 57)
(20, 66)
(31, 58)
(41, 25)
(61, 18)
(17, 133)
(17, 25)
(17, 35)
(55, 66)
(56, 76)
(72, 64)
(32, 25)
(50, 20)
(100, 78)
(73, 55)
(56, 76)
(43, 120)
(43, 31)
(36, 126)
(56, 76)
(33, 24)
(61, 61)
(103, 65)
(49, 21)
(56, 76)
(29, 72)
(25, 100)
(55, 19)
(59, 26)
(101, 167)
(47, 48)
(33, 26)
(46, 36)
(56, 23)
(22, 42)
(90, 73)
(92, 61)
(119, 166)
(56, 76)
(168, 32)
(60, 177)
(22, 39)
(56, 76)
(21, 38)
(36, 26)
(23, 153)
(56, 76)
(97, 67)
(96, 72)
(56, 76)
(88, 72)
(56, 76)
(44, 103)
(17, 78)
(91, 68)
(60, 21)
(56, 76)
(43, 108)
(56, 76)
(19, 141)
(59, 20)
(56, 24)
(21, 19)
(29, 49)
(21, 89)
(56, 76)
(69, 56)
(32, 24)
(56, 76)
(100, 68)
(36, 64)
(45, 60)
(70, 64)
(34, 39)
(27, 21)
(22, 26)
(41, 24)
(31, 173)
(54, 21)
(59, 26)
(54, 31)
(20, 29)
(36, 36)
(58, 25)
(59, 19)
(23, 29)
(152, 60)
(121, 58)
(78, 59)
(56, 76)
(22, 26)
(99, 75)
(34, 22)
(103, 76)
(25, 17)
(27, 92)
(56, 76)
(31, 32)
(37, 61)
(40, 18)
(18, 25)
(56, 76)
(35, 34)
(21, 30)
(77, 61)
(18, 48)
(102, 78)
(50, 18)
(28, 33)
(17, 46)
(50, 20)
(26, 28)
(64, 65)
(92, 63)
(50, 159)
(48, 180)
(25, 28)
(31, 22)
(56, 76)
(56, 76)
(95, 58)
(71, 62)
(17, 129)
(18, 28)
(56, 76)
(56, 76)
(22, 32)
(65, 57)
(132, 42)
(112, 42)
(27, 101)
(22, 18)
(52, 55)
(18, 143)
(123, 140)
(56, 76)
(47, 19)
(99, 72)
(21, 21)
(56, 76)
(18, 47)
(35, 53)
(49, 134)
(33, 35)
(32, 69)
(56, 76)
(56, 76)
(91, 65)
(56, 76)
(20, 21)
(56, 76)
(18, 32)
(40, 29)
(103, 76)
(56, 76)
(21, 25)
(33, 29)
(28, 23)
(93, 73)
(56, 76)
(42, 168)
(56, 76)
(18, 88)
(58, 20)
(34, 24)
(21, 28)
(73, 66)
(30, 176)
(30, 82)
(56, 76)
(31, 17)
(73, 56)
(52, 70)
(63, 65)
(98, 59)
(27, 19)
(46, 65)
(36, 20)
(73, 66)
(56, 76)
(140, 25)
(45, 20)
(24, 17)
(182, 181)
(17, 46)
(91, 63)
(83, 68)
(25, 20)
(56, 76)
(56, 76)
(56, 76)
(44, 65)
(58, 69)
(63, 66)
(91, 62)
(64, 17)
(47, 67)
(17, 122)
(56, 76)
(59, 19)
(53, 66)
(63, 60)
(23, 29)
(61, 17)
(45, 25)
(25, 73)
(91, 63)
(117, 55)
(40, 59)
(164, 82)
(103, 70)
(101, 58)
(56, 76)
(83, 68)
(37, 29)
(41, 25)
(21, 124)
(55, 19)
(56, 76)
(19, 111)
(50, 118)
(80, 157)
(24, 51)
(51, 36)
(54, 21)
(28, 27)
(29, 68)
(56, 76)
(33, 23)
(29, 17)
(57, 67)
(50, 29)
(91, 63)
(119, 36)
(59, 65)
(68, 61)
(22, 68)
(59, 28)
(54, 21)
(97, 75)
(70, 52)
(92, 66)
(56, 76)
(21, 42)
(51, 18)
(37, 58)
(24, 77)
(25, 36)
(56, 76)
(21, 56)
(23, 17)
(56, 76)
(21, 17)
(137, 44)
(72, 61)
(47, 19)
(17, 22)
(56, 76)
(51, 39)
(37, 60)
(56, 76)
(42, 33)
(26, 27)
(56, 76)
(19, 51)
(154, 45)
(17, 17)
(66, 59)
(100, 75)
(44, 61)
(49, 18)
(31, 152)
(112, 41)
(30, 108)
(30, 28)
(19, 92)
(56, 25)
(56, 76)
(51, 38)
(56, 76)
(31, 26)
(28, 17)
(91, 67)
(64, 60)
(19, 36)
(17, 123)
(66, 59)
(56, 76)
(73, 66)
(52, 169)
(52, 57)
(49, 27)
(65, 56)
(56, 76)
(42, 58)
(34, 60)
(100, 69)
(146, 27)
(91, 65)
(23, 107)
(44, 19)
(28, 36)
(21, 68)
(100, 181)
(56, 76)
(44, 56)
(52, 37)
(32, 105)
(25, 17)
(18, 90)
(53, 38)
(36, 22)
(27, 79)
(46, 39)
(21, 112)
(72, 66)
(103, 52)
(72, 55)
(22, 31)
(55, 20)
(44, 17)
(72, 65)
(49, 68)
(18, 55)
(38, 43)
(18, 99)
(172, 26)
(169, 28)
(26, 64)
(47, 179)
(56, 76)
(31, 85)
(39, 102)
(52, 17)
(52, 113)
(119, 182)
(56, 76)
(99, 73)
(47, 51)
(33, 67)
(80, 69)
(24, 37)
(43, 19)
(18, 19)
(56, 76)
(44, 51)
(56, 76)
(56, 76)
(40, 56)
(26, 26)
(56, 76)
(17, 73)
(44, 105)
(17, 64)
(121, 139)
(193, 172)
(103, 59)
(51, 34)
(32, 30)
(21, 32)
(42, 40)
(20, 55)
(40, 20)
(51, 23)
(41, 19)
(27, 69)
(20, 50)
(42, 61)
(85, 70)
(98, 57)
(45, 65)
(21, 50)
(38, 103)
(33, 20)
(56, 76)
(53, 22)
(81, 129)
(56, 76)
(83, 64)
(32, 39)
(22, 62)
(17, 84)
(19, 147)
(65, 59)
(40, 65)
(95, 74)
(17, 17)
(19, 51)
(91, 62)
(52, 24)
(56, 76)
(92, 69)
(32, 180)
(63, 18)
(21, 142)
(67, 60)
(99, 61)
(25, 78)
(41, 22)
(97, 68)
(21, 89)
(59, 17)
(53, 70)
(34, 23)
(71, 66)
(30, 25)
(21, 20)
(56, 76)
(66, 21)
(65, 18)
(97, 66)
(131, 137)
(37, 111)
(52, 32)
(56, 76)
(67, 56)
(52, 20)
(152, 25)
(106, 138)
(17, 30)
(56, 76)
(34, 32)
(28, 65)
(28, 41)
(90, 65)
(17, 85)
(42, 23)
(50, 33)
(20, 48)
(20, 82)
(149, 24)
(17, 40)
(90, 69)
(63, 65)
(45, 183)
(65, 22)
(43, 183)
(79, 69)
(18, 98)
(64, 21)
(97, 75)
(52, 17)
(56, 76)
(23, 35)
(22, 29)
(111, 135)
(34, 22)
(166, 32)
(87, 70)
(91, 68)
(56, 76)
(79, 69)
(25, 77)
(32, 40)
(81, 118)
(33, 57)
(56, 76)
(51, 66)
(28, 31)
(57, 21)
(54, 26)
(62, 18)
(39, 33)
(22, 21)
(101, 73)
(165, 33)
(58, 22)
(31, 105)
(19, 38)
(61, 60)
(56, 76)
(63, 65)
(70, 62)
(17, 177)
(164, 35)
(74, 61)
(64, 17)
(56, 76)
(24, 37)
(54, 24)
(54, 21)
(45, 37)
(19, 85)
(56, 76)
(51, 21)
(45, 24)
(80, 66)
(67, 60)
(68, 17)
(28, 34)
(62, 18)
(81, 67)
(56, 20)
(20, 24)
(20, 31)
(53, 22)
(73, 66)
(17, 68)
(53, 28)
(41, 17)
(44, 17)
(56, 76)
(56, 76)
(56, 76)
(31, 27)
(31, 58)
(32, 70)
(27, 35)
(19, 147)
(91, 68)
(124, 31)
(98, 56)
(96, 59)
(23, 58)
(56, 76)
(102, 53)
(45, 66)
(56, 76)
(25, 19)
(39, 21)
(81, 68)
(73, 66)
(29, 82)
(18, 46)
(57, 110)
(77, 60)
(18, 147)
(45, 60)
(56, 76)
(44, 61)
(90, 136)
(47, 54)
(56, 76)
(26, 41)
(100, 77)
(55, 30)
(48, 20)
(42, 27)
(20, 65)
(56, 76)
(38, 131)
(47, 176)
(58, 22)
(33, 95)
(67, 60)
(56, 76)
(20, 39)
(41, 19)
(43, 101)
(57, 29)
(57, 20)
(32, 18)
(64, 20)
(17, 174)
(105, 79)
(56, 76)
(47, 67)
(37, 22)
(36, 18)
(27, 33)
(42, 49)
(56, 76)
(56, 76)
(56, 76)
(47, 51)
(38, 36)
(17, 54)
(36, 35)
(102, 76)
(74, 58)
(56, 76)
(17, 39)
(56, 76)
(23, 102)
(53, 57)
(42, 22)
(173, 27)
(55, 66)
(53, 174)
(51, 57)
(17, 35)
(27, 91)
(33, 44)
(69, 173)
(56, 76)
(18, 87)
(18, 74)
(40, 57)
(19, 21)
(56, 76)
(114, 139)
(56, 76)
(56, 76)
(26, 111)
(89, 70)
(18, 87)
(26, 65)
(19, 72)
(43, 34)
(56, 76)
(17, 145)
(37, 136)
(50, 17)
(87, 124)
(57, 26)
(60, 19)
(33, 17)
(47, 55)
(21, 30)
(44, 19)
(63, 18)
(18, 42)
(56, 76)
(30, 65)
(17, 166)
(118, 132)
(36, 56)
(162, 37)
(18, 36)
(42, 17)
(50, 139)
(91, 69)
(33, 24)
(45, 19)
(91, 62)
(85, 66)
(53, 183)
(39, 19)
(21, 21)
(51, 107)
(61, 25)
(56, 76)
(51, 43)
(36, 35)
(39, 63)
(44, 66)
(58, 18)
(56, 76)
(22, 19)
(21, 45)
(21, 19)
(53, 61)
(27, 41)
(45, 66)
(95, 74)
(22, 84)
(33, 48)
(39, 24)
(145, 142)
(22, 94)
(23, 112)
(35, 49)
(70, 64)
(38, 21)
(56, 76)
(17, 23)
(38, 19)
(136, 24)
(51, 31)
(17, 91)
(19, 79)
(59, 23)
(56, 76)
(56, 76)
(65, 59)
(64, 64)
(17, 67)
(45, 28)
(56, 76)
(64, 58)
(65, 59)
(24, 138)
(63, 19)
(42, 19)
(29, 59)
(19, 170)
(92, 64)
(65, 18)
(53, 64)
(46, 44)
(18, 59)
(71, 64)
(60, 20)
(95, 74)
(74, 55)
(51, 105)
(18, 27)
(32, 39)
(39, 17)
(91, 70)
(17, 18)
(54, 17)
(74, 114)
(68, 61)
(31, 82)
(67, 62)
(26, 156)
(51, 70)
(31, 25)
(61, 118)
(102, 68)
(56, 19)
(40, 43)
(103, 78)
(24, 54)
(47, 52)
(52, 69)
(56, 76)
(69, 63)
(56, 76)
(47, 34)
(41, 18)
(21, 34)
(63, 65)
(44, 19)
(39, 57)
(56, 76)
(166, 37)
(62, 65)
(18, 99)
(24, 18)
(56, 76)
(56, 76)
(32, 17)
(91, 62)
(42, 61)
(26, 146)
(70, 63)
(29, 18)
(31, 91)
(53, 19)
(32, 57)
(41, 24)
(43, 32)
(39, 60)
(111, 182)
(20, 103)
(25, 24)
(59, 20)
(23, 28)
(45, 19)
(22, 87)
(41, 43)
(52, 64)
(35, 21)
(52, 17)
(21, 21)
(33, 77)
(22, 34)
(20, 28)
(17, 35)
(56, 76)
(64, 23)
(56, 76)
(117, 55)
(43, 40)
(24, 56)
(88, 69)
(48, 37)
(48, 19)
(37, 128)
(56, 76)
(56, 76)
(47, 64)
(70, 64)
(22, 17)
(49, 20)
(68, 61)
(60, 25)
(31, 169)
(56, 76)
(18, 166)
(56, 76)
(56, 76)
(20, 79)
(103, 56)
(52, 20)
(56, 76)
(18, 62)
(90, 66)
