(63, 58)
(30, 26)
(54, 72)
(71, 64)
(44, 53)
(19, 36)
(56, 76)
(28, 35)
(89, 168)
(33, 78)
(21, 73)
(25, 30)
(17, 175)
(47, 59)
(56, 76)
(49, 17)
(31, 66)
(28, 63)
(33, 77)
(63, 58)
(44, 106)
(56, 76)
(47, 19)
(27, 17)
(73, 62)
(67, 60)
(96, 67)
(56, 76)
(27, 59)
(67, 19)
(100, 77)
(104, 77)
(44, 56)
(17, 56)
(56, 76)
(45, 35)
(56, 76)
(37, 38)
(43, 62)
(48, 42)
(66, 59)
(27, 50)
(56, 76)
(91, 65)
(56, 76)
(24, 106)
(88, 68)
(56, 76)
(40, 20)
(53, 41)
(103, 54)
(32, 72)
(20, 115)
(60, 65)
(23, 77)
(92, 61)
(56, 76)
(89, 69)
(59, 67)
(41, 30)
(43, 20)
(56, 76)
(56, 76)
(75, 137)
(208, 176)
(43, 19)
(48, 31)
(23, 178)
(99, 74)
(68, 61)
(57, 24)
(70, 63)
(25, 70)
(47, 19)
(68, 61)
(80, 117)
(122, 31)
(56, 76)
(56, 76)
(56, 76)
(56, 76)
(72, 65)
(56, 76)
(56, 76)
(73, 57)
(21, 48)
(56, 76)
(86, 71)
(29, 58)
(56, 76)
(22, 24)
(27, 53)
(72, 65)
(56, 76)
(56, 76)
(56, 76)
(18, 163)
(68, 61)
(27, 50)
(18, 144)
(63, 58)
(29, 34)
(26, 52)
(56, 76)
(46, 21)
(40, 22)
(56, 76)
(56, 76)
(27, 68)
(56, 76)
(35, 28)
(56, 76)
(51, 25)
(23, 56)
(28, 50)
(64, 58)
(56, 76)
(56, 76)
(19, 20)
(74, 116)
(50, 18)
(56, 76)
(105, 79)
(72, 66)
(79, 69)
(48, 68)
(56, 76)
(40, 42)
(38, 39)
(67, 60)
(94, 60)
(73, 66)
(37, 156)
(100, 59)
(56, 76)
(24, 54)
(56, 76)
(60, 26)
(54, 72)
(24, 31)
(19, 57)
(56, 76)
(66, 60)
(56, 76)
(56, 76)
(102, 78)
(56, 76)
(56, 76)
(119, 49)
(41, 44)
(54, 22)
(26, 33)
(68, 61)
(61, 18)
(19, 63)
(58, 71)
(56, 76)
(43, 23)
(47, 19)
(56, 76)
(29, 38)
(19, 157)
(58, 69)
(41, 19)
(56, 76)
(35, 48)
(17, 22)
(33, 46)
(71, 64)
(49, 23)
(44, 49)
(22, 67)
(56, 76)
(56, 76)
(17, 70)
(20, 32)
(73, 66)
(20, 51)
(56, 76)
(56, 76)
(32, 66)
(56, 76)
(95, 71)
(56, 76)
(21, 69)
(59, 20)
(70, 63)
(65, 18)
(56, 76)
(56, 76)
(56, 76)
(72, 65)
(30, 22)
(73, 66)
(17, 94)
(30, 48)
(97, 76)
(56, 76)
(20, 58)
(52, 47)
(56, 76)
(17, 56)
(17, 64)
(22, 58)
(24, 54)
(28, 50)
(39, 20)
(17, 38)
(56, 76)
(71, 58)
(70, 62)
(56, 76)
(56, 76)
(91, 64)
(102, 68)
(110, 178)
(68, 61)
(71, 64)
(56, 76)
(165, 179)
(40, 20)
(56, 76)
(54, 177)
(67, 58)
(56, 76)
(38, 19)
(90, 67)
(22, 174)
(72, 66)
(20, 74)
(56, 76)
(56, 76)
(19, 17)
(90, 136)
(17, 122)
(56, 76)
(50, 44)
(70, 62)
(34, 20)
(79, 68)
(56, 76)
(63, 17)
(56, 76)
(17, 59)
(25, 78)
(67, 60)
(40, 66)
(72, 65)
(24, 44)
(56, 76)
(46, 26)
(49, 19)
(158, 152)
(56, 76)
(31, 42)
(56, 76)
(19, 174)
(56, 76)
(56, 76)
(56, 76)
(99, 66)
(17, 38)
(30, 52)
(34, 50)
(25, 29)
(20, 32)
(101, 53)
(56, 76)
(19, 40)
(51, 36)
(87, 68)
(37, 181)
(27, 77)
(25, 28)
(56, 76)
(67, 17)
(90, 63)
(42, 138)
(56, 76)
(56, 76)
(53, 69)
(57, 19)
(56, 76)
(22, 123)
(56, 76)
(56, 76)
(91, 68)
(93, 71)
(29, 56)
(118, 182)
(98, 69)
(40, 27)
(208, 170)
(59, 20)
(128, 137)
(50, 62)
(56, 76)
(92, 63)
(56, 76)
(56, 18)
(55, 177)
(80, 67)
(62, 115)
(24, 60)
(50, 32)
(25, 127)
(17, 30)
(144, 17)
(36, 21)
(56, 26)
(17, 86)
(17, 34)
(56, 76)
(56, 76)
(31, 23)
(111, 134)
(56, 76)
(44, 149)
(48, 105)
(55, 177)
(56, 76)
(37, 22)
(56, 76)
(21, 28)
(21, 30)
(20, 25)
(28, 82)
(50, 28)
(49, 49)
(19, 103)
(56, 76)
(92, 70)
(57, 21)
(35, 23)
(70, 63)
(56, 76)
(19, 19)
(73, 64)
(56, 76)
(72, 150)
(72, 66)
(56, 76)
(91, 66)
(70, 63)
(42, 28)
(63, 58)
(56, 76)
(49, 59)
(168, 34)
(104, 77)
(56, 76)
(66, 59)
(56, 76)
(56, 76)
(27, 97)
(68, 55)
(64, 58)
(116, 150)
(71, 64)
(105, 80)
(22, 124)
(18, 42)
(43, 53)
(19, 24)
(64, 58)
(71, 64)
(148, 51)
(17, 87)
(56, 73)
(56, 76)
(33, 24)
(71, 112)
(17, 95)
(37, 158)
(68, 111)
(43, 56)
(87, 180)
(56, 76)
(25, 119)
(18, 146)
(50, 64)
(17, 169)
(60, 66)
(101, 73)
(91, 65)
(56, 76)
(60, 19)
(56, 76)
(56, 76)
(100, 78)
(56, 76)
(56, 76)
(49, 19)
(24, 54)
(21, 30)
(51, 20)
(46, 115)
(22, 65)
(63, 58)
(134, 22)
(31, 24)
(46, 24)
(60, 17)
(20, 31)
(72, 56)
(17, 142)
(56, 76)
(84, 69)
(51, 53)
(56, 76)
(30, 91)
(56, 76)
(60, 64)
(20, 32)
(18, 21)
(21, 154)
(31, 53)
(17, 128)
(56, 76)
(20, 45)
(56, 76)
(42, 64)
(20, 67)
(84, 71)
(56, 76)
(17, 36)
(56, 76)
(71, 63)
(22, 179)
(23, 41)
(60, 26)
(151, 70)
(181, 175)
(44, 58)
(56, 76)
(64, 59)
(58, 67)
(33, 26)
(20, 19)
(56, 76)
(58, 64)
(28, 93)
(20, 157)
(62, 21)
(19, 32)
(71, 66)
(56, 76)
(56, 76)
(63, 17)
(101, 73)
(26, 69)
(23, 57)
(56, 76)
(58, 17)
(38, 18)
(66, 59)
(67, 60)
(18, 149)
(45, 22)
(18, 67)
(56, 76)
(57, 18)
(18, 87)
(20, 59)
(56, 76)
(193, 166)
(63, 22)
(56, 76)
(89, 66)
(56, 76)
(52, 23)
(66, 59)
(39, 24)
(157, 31)
(27, 50)
(35, 22)
(28, 108)
(26, 86)
(24, 45)
(17, 35)
(22, 85)
(56, 76)
(25, 71)
(56, 76)
(56, 76)
(56, 76)
(29, 70)
(90, 72)
(56, 76)
(56, 76)
(40, 64)
(23, 35)
(82, 69)
(18, 20)
(19, 27)
(72, 66)
(24, 32)
(66, 17)
(56, 76)
(61, 26)
(56, 76)
(72, 64)
(56, 76)
(53, 66)
(91, 62)
(50, 177)
(56, 76)
(56, 76)
(28, 89)
(56, 76)
(24, 54)
(63, 60)
(23, 17)
(57, 18)
(34, 47)
(56, 76)
(56, 76)
(27, 69)
(20, 27)
(60, 69)
(69, 62)
(17, 32)
(72, 65)
(42, 62)
(56, 76)
(35, 174)
(42, 17)
(45, 19)
(51, 34)
(64, 58)
(34, 45)
(31, 26)
(33, 71)
(56, 76)
(59, 20)
(49, 183)
(33, 23)
(56, 76)
(73, 66)
(51, 39)
(56, 76)
(73, 64)
(17, 52)
(17, 77)
(56, 76)
(73, 66)
(56, 76)
(44, 27)
(41, 28)
(59, 115)
(72, 66)
(28, 88)
(56, 76)
(56, 76)
(23, 24)
(34, 58)
(42, 45)
(40, 61)
(27, 27)
(65, 18)
(56, 76)
(31, 23)
(56, 76)
(72, 65)
(56, 76)
(56, 76)
(56, 76)
(64, 58)
(21, 89)
(21, 63)
(65, 59)
(53, 28)
(18, 20)
(36, 35)
(59, 20)
(21, 37)
(33, 32)
(23, 28)
(56, 76)
(37, 23)
(80, 122)
(89, 67)
(30, 48)
(26, 66)
(91, 62)
(50, 33)
(77, 121)
(56, 76)
(39, 22)
(24, 62)
(44, 19)
(19, 86)
(56, 76)
(91, 73)
(44, 58)
(56, 76)
(73, 66)
(20, 183)
(29, 30)
(125, 166)
(68, 57)
(23, 28)
(73, 66)
(17, 35)
(65, 59)
(56, 76)
(48, 53)
(32, 61)
(33, 28)
(20, 82)
(34, 22)
(56, 76)
(56, 76)
(51, 66)
(31, 46)
(135, 22)
(56, 76)
(23, 60)
(41, 19)
(90, 73)
(56, 76)
(56, 76)
(73, 61)
(100, 73)
(56, 76)
(72, 66)
(23, 56)
(24, 67)
(56, 76)
(28, 39)
(72, 57)
(17, 47)
(31, 174)
(24, 67)
(56, 76)
(50, 53)
(56, 76)
(56, 76)
(17, 79)
(50, 51)
(90, 65)
(73, 66)
(56, 76)
(66, 169)
(30, 20)
(27, 17)
(122, 57)
(66, 60)
(56, 76)
(50, 65)
(23, 68)
(25, 53)
(73, 66)
(24, 54)
(56, 76)
(44, 38)
(56, 76)
(19, 33)
(50, 67)
(56, 76)
(45, 19)
(29, 52)
(21, 30)
(56, 76)
(73, 64)
(51, 70)
(17, 33)
(50, 20)
(24, 65)
(56, 76)
(24, 182)
(38, 41)
(56, 76)
(64, 58)
(133, 22)
(23, 21)
(56, 76)
(43, 61)
(38, 19)
(44, 23)
(29, 78)
(44, 28)
(56, 76)
(68, 64)
(23, 55)
(24, 65)
(17, 42)
(27, 60)
(27, 67)
(52, 17)
(73, 61)
(73, 66)
(17, 34)
(21, 79)
(17, 41)
(44, 31)
(56, 76)
(99, 126)
(99, 56)
(18, 56)
(26, 50)
(56, 76)
(56, 76)
(56, 76)
(36, 50)
(32, 29)
(90, 71)
(56, 76)
(102, 72)
(88, 177)
(45, 19)
(22, 104)
(55, 72)
(17, 142)
(34, 30)
(56, 76)
(56, 76)
(22, 40)
(56, 76)
(72, 55)
(64, 18)
(56, 76)
(17, 136)
(49, 18)
(38, 62)
(26, 31)
(64, 57)
(20, 44)
(20, 175)
(24, 45)
(56, 76)
(56, 76)
(56, 76)
(56, 76)
(56, 76)
(30, 155)
(17, 57)
(17, 19)
(37, 54)
(54, 68)
(52, 116)
(70, 63)
(21, 49)
(21, 61)
(17, 53)
(51, 58)
(30, 74)
(63, 59)
(38, 18)
(56, 76)
(56, 76)
(42, 36)
(37, 124)
(56, 76)
(56, 76)
(24, 138)
(85, 69)
(26, 52)
(20, 52)
(17, 46)
(56, 76)
(56, 76)
(17, 81)
(75, 63)
(23, 26)
(86, 71)
(56, 76)
(56, 76)
(37, 22)
(56, 19)
(59, 18)
(32, 170)
(56, 23)
(56, 76)
(35, 138)
(67, 63)
(68, 61)
(56, 76)
(56, 76)
(56, 76)
(47, 19)
(89, 64)
(56, 76)
(28, 81)
(21, 86)
(44, 62)
(56, 76)
(30, 74)
(71, 64)
(75, 176)
(56, 76)
(53, 65)
(83, 65)
(39, 52)
(63, 18)
(73, 66)
(19, 48)
(19, 54)
(30, 35)
(56, 76)
(90, 63)
(72, 65)
(43, 17)
(129, 26)
(25, 35)
(23, 42)
(63, 160)
(18, 106)
(56, 76)
(56, 76)
(39, 32)
(56, 76)
(44, 68)
(46, 24)
(56, 76)
(88, 70)
(64, 58)
(67, 64)
(71, 64)
(56, 76)
(27, 36)
(56, 76)
(29, 47)
(44, 101)
(56, 76)
(56, 76)
(56, 76)
(56, 76)
(32, 78)
(74, 60)
(56, 76)
(56, 76)
(56, 76)
(56, 76)
(25, 78)
(56, 76)
(21, 89)
(73, 57)
(56, 76)
(56, 76)
(20, 84)
(18, 30)
(56, 76)
(56, 120)
(56, 76)
(53, 60)
(53, 63)
(46, 19)
(24, 54)
(26, 34)
(17, 64)
(24, 82)
(57, 65)
(18, 171)
(56, 76)
(47, 105)
(33, 77)
(53, 69)
(56, 76)
(53, 34)
(56, 76)
(56, 76)
(56, 76)
(56, 76)
(51, 19)
(71, 63)
(54, 72)
(23, 29)
(56, 76)
(26, 27)
(81, 70)
(63, 58)
(30, 47)
(22, 128)
(41, 18)
(63, 173)
(17, 51)
(102, 73)
(56, 76)
(56, 76)
(22, 56)
(103, 76)
(56, 76)
(25, 22)
(17, 20)
(64, 58)
(58, 21)
(23, 172)
(17, 173)
(56, 76)
(50, 23)
(39, 18)
(88, 71)
(53, 30)
(35, 21)
(39, 48)
(56, 76)
(41, 19)
(17, 66)
(88, 65)
(44, 17)
(44, 37)
(17, 77)
(65, 59)
(30, 83)
(72, 60)
(65, 59)
(56, 76)
(56, 76)
(91, 66)
(19, 42)
(35, 22)
(56, 76)
(56, 76)
(31, 24)
(67, 54)
(26, 78)
(27, 146)
(23, 84)
(30, 27)
(56, 76)
(103, 76)
(23, 58)
(67, 60)
(56, 76)
(25, 113)
(56, 76)
(27, 81)
(44, 114)
(56, 76)
(56, 76)
(56, 76)
(17, 32)
(68, 61)
(72, 66)
(50, 58)
(48, 23)
(67, 60)
(56, 76)
(56, 76)
(68, 61)
(77, 62)
(57, 18)
(66, 60)
(63, 58)
(56, 76)
(67, 60)
(56, 76)
(56, 76)
(44, 22)
(32, 18)
(42, 66)
(27, 50)
(44, 22)
(18, 34)
(24, 52)
(56, 76)
(17, 43)
(56, 76)
(56, 76)
(49, 42)
(56, 76)
(56, 76)
(66, 59)
(84, 183)
(185, 178)
(69, 62)
(56, 22)
(62, 17)
(27, 81)
(71, 64)
(73, 66)
(56, 76)
(46, 44)
(55, 72)
(53, 41)
(56, 76)
(69, 62)
(31, 63)
(56, 76)
(87, 66)
(41, 45)
(69, 113)
(43, 31)
(90, 66)
(92, 123)
(53, 56)
(19, 20)
(25, 69)
(18, 48)
(17, 54)
(23, 35)
(56, 76)
(43, 21)
(26, 30)
(30, 84)
(31, 47)
(102, 78)
(56, 76)
(43, 56)
(27, 43)
(50, 63)
(56, 76)
(145, 59)
(70, 56)
(55, 18)
(17, 39)
(30, 38)
(56, 76)
(158, 22)
(32, 64)
(56, 76)
(20, 28)
(30, 36)
(56, 76)
(114, 158)
(103, 78)
(125, 145)
(89, 64)
(36, 175)
(18, 70)
(50, 66)
(122, 31)
(82, 182)
(85, 70)
(18, 143)
(50, 104)
(19, 106)
(28, 64)
(157, 44)
(55, 17)
(58, 29)
(21, 59)
(33, 36)
(56, 76)
(26, 145)
(71, 64)
(104, 77)
(37, 29)
(82, 116)
(71, 65)
(56, 76)
(106, 143)
(25, 76)
(17, 23)
(92, 61)
(20, 53)
(56, 76)
(103, 76)
(18, 70)
(17, 50)
(17, 37)
(37, 149)
(42, 26)
(90, 67)
(81, 68)
(53, 50)
(97, 73)
(56, 76)
(28, 21)
(101, 68)
(30, 68)
(70, 62)
(123, 144)
(31, 77)
(53, 65)
(17, 53)
(54, 114)
(56, 76)
(146, 17)
(54, 176)
(40, 31)
(56, 76)
(56, 76)
(42, 38)
(18, 121)
(27, 73)
(56, 76)
(83, 70)
(45, 51)
(73, 66)
(27, 90)
(45, 19)
(56, 76)
(21, 27)
(21, 82)
(18, 44)
(146, 20)
(56, 76)
(22, 29)
(46, 17)
(56, 76)
(18, 143)
(41, 134)
(19, 58)
(18, 98)
(17, 167)
(51, 18)
(56, 76)
(55, 17)
(23, 172)
(96, 68)
(100, 54)
(74, 64)
(17, 66)
(34, 155)
(95, 65)
(56, 76)
(22, 75)
(20, 177)
(25, 126)
(20, 177)
(56, 76)
(158, 17)
(20, 114)
(21, 110)
(56, 76)
(56, 76)
(48, 45)
(68, 54)
(27, 60)
(179, 80)
(35, 29)
(69, 62)
(56, 76)
(56, 76)
(18, 76)
(76, 62)
(54, 31)
(57, 21)
(26, 51)
(88, 69)
(34, 21)
(20, 52)
(19, 32)
(34, 38)
(61, 22)
(56, 76)
(72, 66)
(73, 66)
(38, 54)
(40, 106)
(30, 47)
(38, 17)
(39, 66)
(35, 22)
(54, 29)
(103, 69)
(90, 65)
(41, 29)
(56, 76)
(35, 23)
(53, 54)
(17, 52)
(51, 32)
(56, 76)
(44, 27)
(56, 76)
(74, 55)
(56, 76)
(19, 49)
(54, 69)
(56, 76)
(56, 76)
(40, 56)
(21, 60)
(45, 38)
(64, 17)
(20, 46)
(100, 66)
(17, 139)
(40, 35)
(83, 64)
(85, 70)
(56, 76)
(23, 18)
(32, 78)
(73, 61)
(71, 57)
(21, 22)
(72, 65)
(66, 63)
(45, 36)
(89, 64)
(88, 66)
(20, 68)
(18, 58)
(72, 65)
(19, 50)
(67, 60)
(20, 31)
(70, 52)
(46, 24)
(19, 120)
(23, 37)
(30, 26)
(38, 39)
(50, 46)
(36, 26)
(40, 18)
(34, 26)
(33, 68)
(49, 67)
(42, 37)
(74, 58)
(90, 67)
(56, 76)
(56, 21)
(99, 76)
(22, 94)
(49, 70)
(44, 51)
(29, 31)
(56, 76)
(88, 183)
(28, 69)
(29, 49)
(44, 41)
(61, 18)
(48, 25)
(77, 124)
(203, 175)
(19, 85)
(26, 51)
(70, 63)
(72, 148)
(25, 17)
(39, 31)
(19, 25)
(92, 67)
(28, 67)
(86, 71)
(37, 19)
(31, 20)
(56, 76)
(90, 172)
(56, 76)
(18, 47)
(82, 67)
(67, 60)
(26, 36)
(20, 154)
(119, 49)
(78, 59)
(56, 76)
(56, 76)
(77, 171)
(53, 110)
(66, 169)
(56, 76)
(31, 166)
(48, 167)
(31, 29)
(51, 44)
(76, 68)
(93, 74)
(56, 76)
(56, 76)
(38, 56)
(68, 19)
(125, 142)
(33, 67)
(130, 31)
(53, 63)
(103, 78)
(20, 45)
(62, 111)
(22, 45)
(74, 60)
(26, 160)
(34, 48)
(31, 170)
(35, 22)
(65, 63)
(37, 149)
(108, 131)
(65, 20)
(22, 21)
(91, 64)
(21, 33)
(30, 41)
(29, 62)
(43, 123)
(24, 98)
(18, 89)
(24, 176)
(30, 125)
(19, 99)
(71, 61)
(92, 68)
(52, 19)
(22, 173)
(56, 76)
(19, 175)
(48, 39)
(56, 76)
(98, 182)
(116, 48)
(101, 66)
(17, 169)
(56, 76)
(24, 68)
(18, 119)
(56, 76)
(63, 120)
(102, 72)
(109, 45)
(114, 182)
(59, 66)
(20, 173)
(26, 165)
(28, 41)
(33, 178)
(66, 61)
(76, 128)
(20, 173)
(22, 55)
(49, 105)
(24, 107)
(17, 164)
(48, 54)
(22, 85)
(39, 61)
(20, 60)
(19, 17)
(18, 87)
(24, 60)
(18, 75)
(79, 65)
(155, 17)
(41, 50)
(49, 19)
(19, 120)
(17, 66)
(92, 121)
(59, 183)
(33, 86)
(71, 53)
(20, 166)
(108, 152)
(17, 157)
(104, 77)
(145, 19)
(30, 170)
(17, 68)
(19, 174)
(44, 60)
(25, 64)
(102, 69)
(96, 74)
(17, 169)
(38, 55)
(35, 59)
(129, 47)
(56, 76)
(50, 67)
(19, 62)
(56, 76)
(59, 69)
(33, 78)
(56, 76)
(134, 29)
(88, 65)
(75, 57)
(47, 24)
(99, 54)
(19, 31)
(59, 69)
(56, 76)
(61, 26)
(19, 32)
(19, 66)
(64, 58)
(39, 66)
(56, 76)
(68, 61)
(74, 55)
(167, 30)
(59, 70)
(64, 59)
(53, 18)
(45, 36)
(19, 91)
(101, 77)
(56, 76)
(42, 61)
(32, 52)
(26, 75)
(127, 167)
(66, 20)
(30, 84)
(88, 67)
(37, 35)
(124, 30)
(62, 62)
(25, 67)
(20, 38)
(97, 57)
(56, 76)
(69, 53)
(20, 60)
(24, 19)
(119, 139)
(29, 174)
(56, 76)
(44, 177)
(20, 70)
(56, 18)
(98, 67)
(56, 76)
(30, 77)
(56, 76)
(25, 17)
(57, 72)
(120, 180)
(72, 154)
(17, 43)
(149, 50)
(56, 76)
(93, 60)
(105, 147)
(28, 67)
(56, 76)
(56, 22)
(56, 76)
(56, 76)
(56, 76)
(69, 62)
(64, 62)
(24, 67)
(130, 183)
(35, 54)
(56, 76)
(17, 130)
(53, 69)
(110, 140)
(23, 122)
(101, 76)
(56, 76)
(72, 66)
(43, 52)
(67, 60)
(22, 38)
(56, 76)
(66, 60)
(122, 31)
(56, 76)
(31, 59)
(44, 54)
(47, 36)
(119, 50)
(25, 70)
(56, 76)
(95, 130)
(25, 39)
(49, 63)
(56, 76)
(52, 161)
(32, 181)
(71, 64)
(69, 58)
(72, 65)
(104, 77)
(72, 65)
(31, 21)
(113, 147)
(23, 44)
(56, 76)
(33, 76)
(44, 183)
(49, 54)
(20, 84)
(66, 17)
(43, 66)
(120, 34)
(17, 27)
(103, 77)
(56, 76)
(56, 76)
(56, 76)
(56, 76)
(73, 66)
(48, 133)
(151, 69)
(30, 177)
(56, 76)
(66, 60)
(26, 85)
(56, 76)
(35, 32)
(18, 45)
(68, 18)
(50, 63)
(25, 117)
(44, 175)
(36, 39)
(182, 163)
(50, 104)
(56, 155)
(29, 25)
(72, 65)
(56, 76)
(18, 74)
(70, 56)
(83, 182)
(56, 76)
(117, 44)
(34, 60)
(17, 108)
(28, 43)
(30, 103)
(68, 55)
(24, 66)
(73, 58)
(19, 22)
(53, 65)
(23, 71)
(82, 143)
(56, 76)
(30, 148)
(28, 127)
(156, 27)
(96, 76)
(103, 78)
(37, 41)
(84, 67)
(167, 160)
(18, 53)
(19, 90)
(51, 34)
(96, 76)
(18, 40)
(49, 144)
(43, 125)
(66, 154)
(31, 21)
(18, 111)
(40, 27)
(56, 76)
(92, 121)
(71, 64)
(21, 58)
(19, 84)
(20, 97)
(40, 43)
(33, 68)
(72, 65)
(56, 76)
(56, 76)
(56, 76)
(25, 182)
(63, 58)
(33, 75)
(69, 58)
(60, 64)
(22, 49)
(17, 144)
(31, 68)
(129, 140)
(17, 138)
(37, 101)
(66, 58)
(49, 67)
(23, 20)
(22, 77)
(17, 121)
(56, 76)
(18, 46)
(53, 109)
(17, 176)
(22, 55)
(26, 183)
(36, 104)
(31, 171)
(18, 56)
(105, 79)
(48, 44)
(17, 140)
(21, 129)
(20, 107)
(25, 114)
(56, 76)
(40, 135)
(18, 41)
(18, 54)
(56, 68)
(17, 164)
(22, 179)
(56, 76)
(17, 145)
(50, 51)
(55, 146)
(17, 179)
(23, 26)
(56, 76)
(18, 168)
(19, 62)
(30, 170)
(119, 178)
(41, 20)
(69, 65)
(17, 56)
(54, 70)
(52, 35)
(68, 61)
(56, 76)
(18, 140)
(35, 179)
(19, 78)
(17, 102)
(53, 52)
(27, 31)
(103, 71)
(70, 170)
(102, 53)
(93, 66)
(34, 166)
(77, 124)
(81, 125)
(104, 77)
(52, 59)
(130, 27)
(25, 59)
(64, 59)
(25, 62)
(100, 156)
(63, 19)
(56, 76)
(50, 19)
(69, 62)
(67, 54)
(65, 17)
(26, 74)
(56, 76)
(54, 21)
(55, 72)
(21, 58)
(56, 76)
(69, 64)
(69, 62)
(29, 42)
(28, 62)
(22, 183)
(17, 67)
(38, 52)
(19, 64)
(179, 159)
(92, 139)
(18, 108)
(33, 51)
(60, 65)
(19, 83)
(64, 58)
(66, 57)
(115, 44)
(73, 58)
(71, 64)
(78, 116)
(99, 74)
(52, 41)
(91, 120)
(67, 60)
(47, 68)
(56, 76)
(71, 53)
(82, 124)
(17, 51)
(39, 51)
(23, 90)
(18, 32)
(87, 71)
(65, 59)
(90, 67)
(20, 26)
(56, 76)
(31, 47)
(21, 19)
(17, 21)
(21, 31)
(56, 147)
(21, 31)
(29, 21)
(36, 106)
(46, 108)
(60, 24)
(135, 175)
(64, 151)
(27, 130)
(65, 22)
(56, 76)
(164, 21)
(39, 30)
(63, 63)
(19, 167)
(85, 70)
(90, 123)
(73, 65)
(56, 76)
(120, 183)
(91, 67)
(65, 62)
(91, 67)
(56, 76)
(56, 76)
(82, 138)
(22, 36)
(55, 17)
(29, 148)
(52, 69)
(22, 35)
(67, 54)
(62, 62)
(52, 62)
(56, 76)
(47, 19)
(79, 145)
(43, 101)
(49, 20)
(54, 120)
(115, 145)
(72, 66)
(39, 66)
(115, 140)
(29, 24)
(17, 51)
(24, 54)
(20, 26)
(66, 17)
(25, 53)
(18, 28)
(150, 150)
(19, 53)
(56, 76)
(20, 41)
(49, 105)
(50, 53)
(94, 70)
(42, 29)
(66, 177)
(22, 17)
(32, 91)
(94, 70)
(28, 36)
(18, 30)
(59, 69)
(20, 78)
(72, 57)
(72, 53)
(72, 65)
(51, 24)
(19, 62)
(35, 42)
(73, 62)
(136, 182)
(68, 61)
(56, 76)
(114, 52)
(49, 173)
(89, 71)
(37, 24)
(40, 62)
(27, 122)
(94, 59)
(32, 85)
(48, 57)
(22, 175)
(17, 174)
(170, 30)
(29, 76)
(22, 58)
(90, 69)
(20, 97)
(53, 61)
(56, 76)
(28, 32)
(60, 138)
(19, 183)
(24, 31)
(18, 53)
(48, 103)
(113, 40)
(23, 146)
(43, 60)
(23, 178)
(17, 164)
(179, 178)
(21, 55)
(77, 128)
(56, 76)
(20, 166)
(29, 53)
(101, 77)
(90, 71)
(139, 39)
(66, 59)
(170, 25)
(68, 111)
(71, 53)
(27, 49)
(17, 42)
(41, 32)
(33, 38)
(26, 133)
(17, 102)
(19, 179)
(22, 48)
(72, 65)
(61, 161)
(17, 180)
(99, 74)
(21, 80)
(105, 79)
(59, 19)
(58, 23)
(19, 99)
(167, 161)
(56, 76)
(53, 71)
(83, 174)
(54, 68)
(28, 60)
(62, 130)
(73, 120)
(51, 60)
(72, 66)
(23, 82)
(69, 62)
(50, 62)
(61, 19)
(18, 124)
(73, 172)
(17, 74)
(87, 120)
(17, 69)
(68, 60)
(25, 59)
(56, 76)
(23, 38)
(86, 69)
(22, 59)
(53, 46)
(21, 177)
(55, 123)
(56, 76)
(67, 60)
(56, 76)
(187, 169)
(38, 32)
(39, 47)
(129, 47)
(40, 51)
(71, 66)
(155, 181)
(34, 59)
(180, 182)
(56, 76)
(55, 68)
(49, 33)
(33, 72)
(33, 42)
(149, 171)
(141, 180)
(31, 181)
(64, 59)
(26, 34)
(56, 76)
(17, 24)
(184, 159)
(70, 168)
(73, 66)
(73, 66)
(56, 76)
(98, 74)
(76, 145)
(27, 51)
(18, 149)
(167, 33)
(93, 69)
(56, 76)
(110, 159)
(17, 169)
(42, 62)
(91, 65)
(65, 64)
(99, 70)
(61, 67)
(50, 17)
(56, 76)
(18, 48)
(48, 20)
(29, 126)
(99, 70)
(45, 36)
(57, 23)
(53, 166)
(56, 155)
(81, 64)
(25, 52)
(17, 181)
(29, 59)
(92, 71)
(72, 66)
(18, 60)
(65, 19)
(71, 63)
(86, 69)
(72, 66)
(82, 121)
(90, 67)
(24, 106)
(84, 131)
(56, 76)
(56, 76)
(65, 174)
(56, 76)
(72, 65)
(119, 57)
(29, 172)
(124, 51)
(175, 180)
(91, 67)
(35, 36)
(100, 180)
(23, 40)
(17, 59)
(31, 47)
(56, 76)
(104, 77)
(179, 18)
(28, 25)
(25, 66)
(24, 39)
(53, 53)
(62, 123)
(24, 116)
(40, 52)
(65, 60)
(56, 76)
(53, 24)
(56, 76)
(56, 65)
(17, 17)
(68, 56)
(17, 92)
(20, 19)
(22, 77)
(32, 83)
(198, 166)
(104, 77)
(28, 144)
(29, 54)
(35, 60)
(46, 182)
(17, 173)
(56, 76)
(146, 182)
(17, 23)
(73, 66)
(213, 180)
(113, 131)
(133, 28)
(54, 31)
(32, 170)
(56, 147)
(30, 18)
(56, 76)
(90, 72)
(29, 87)
(19, 37)
(36, 43)
(132, 159)
(39, 48)
(34, 60)
(56, 76)
(89, 64)
(25, 66)
(20, 171)
(72, 65)
(113, 42)
(26, 22)
(102, 60)
(36, 17)
(19, 84)
(58, 21)
(119, 167)
(25, 37)
(29, 41)
(28, 143)
(91, 68)
(77, 119)
(38, 23)
(45, 30)
(24, 33)
(56, 76)
(33, 18)
(54, 114)
(56, 76)
(66, 61)
(92, 68)
(56, 76)
(108, 171)
(48, 29)
(103, 79)
(166, 27)
(47, 17)
(17, 79)
(36, 174)
(56, 76)
(189, 178)
(73, 66)
(56, 76)
(173, 156)
(171, 177)
(104, 77)
(22, 46)
(91, 73)
(58, 113)
(162, 156)
(114, 176)
(32, 98)
(88, 119)
(17, 39)
(100, 63)
(17, 51)
(47, 58)
(20, 178)
(87, 67)
(56, 76)
(174, 24)
(56, 76)
(22, 150)
(56, 76)
(101, 72)
(140, 141)
(170, 172)
(93, 73)
(18, 148)
(51, 58)
(72, 65)
(71, 59)
(38, 168)
(90, 73)
(169, 152)
(99, 71)
(137, 21)
(56, 76)
(46, 139)
(17, 24)
(19, 123)
(81, 182)
(90, 63)
(23, 176)
(31, 79)
(50, 26)
(43, 133)
(27, 153)
(56, 76)
(166, 26)
(60, 17)
(17, 118)
(45, 60)
(149, 160)
(56, 76)
(86, 71)
(87, 69)
(57, 107)
(33, 88)
(221, 181)
(27, 59)
(56, 76)
(18, 68)
(65, 59)
(47, 169)
(20, 26)
(138, 36)
(69, 111)
(60, 110)
(55, 18)
(96, 170)
(89, 68)
(77, 172)
(29, 65)
(26, 98)
(58, 28)
(21, 148)
(18, 96)
(72, 66)
(43, 21)
(104, 77)
(81, 65)
(50, 40)
(38, 33)
(18, 99)
(86, 72)
(56, 76)
(26, 27)
(56, 76)
(70, 17)
(94, 70)
(128, 136)
(24, 43)
(69, 167)
(41, 58)
(56, 76)
(103, 181)
(91, 67)
(50, 25)
(62, 62)
(23, 73)
(18, 55)
(22, 126)
(50, 35)
(28, 104)
(56, 76)
(56, 76)
(31, 93)
(42, 47)
(56, 76)
(57, 72)
(30, 60)
(72, 65)
(27, 94)
(56, 76)
(47, 69)
(76, 67)
(51, 63)
(101, 78)
(36, 106)
(101, 72)
(17, 38)
(63, 112)
(51, 64)
(51, 109)
(21, 30)
(56, 76)
(27, 64)
(33, 50)
(63, 20)
(17, 118)
(34, 156)
(73, 66)
(102, 57)
(45, 107)
(38, 111)
(50, 26)
(42, 170)
(68, 57)
(56, 76)
(87, 70)
(56, 76)
(89, 72)
(38, 42)
(133, 146)
(42, 37)
(17, 83)
(19, 148)
(104, 125)
(90, 67)
(53, 182)
(17, 182)
(25, 69)
(56, 76)
(56, 76)
(33, 161)
(17, 69)
(56, 76)
(56, 76)
(91, 74)
(50, 21)
(59, 22)
(73, 160)
(45, 183)
(56, 76)
(121, 176)
(75, 57)
(19, 88)
(26, 137)
(18, 55)
(166, 158)
(71, 63)
(56, 76)
(56, 76)
(56, 76)
(71, 65)
(92, 64)
(26, 74)
(20, 30)
(46, 33)
(51, 53)
(28, 51)
(56, 76)
(119, 173)
(50, 17)
(53, 22)
(36, 64)
(109, 47)
(19, 166)
(56, 76)
(24, 25)
(18, 133)
(27, 28)
(128, 140)
(103, 79)
(68, 161)
(23, 74)
(31, 66)
(32, 19)
(72, 65)
(54, 21)
(27, 52)
(59, 166)
(37, 164)
(195, 183)
(47, 183)
(79, 181)
(37, 114)
(54, 28)
(28, 49)
(25, 58)
(19, 165)
(32, 108)
(17, 182)
(164, 156)
(37, 106)
(72, 65)
(43, 162)
(56, 76)
(72, 66)
(164, 163)
(79, 69)
(66, 62)
(22, 22)
(44, 106)
(27, 74)
(48, 119)
(100, 67)
(64, 58)
(56, 76)
(59, 110)
(45, 24)
(32, 108)
(56, 76)
(35, 49)
(62, 159)
(23, 94)
(67, 60)
(19, 69)
(65, 59)
(50, 174)
(104, 77)
(45, 19)
(56, 76)
(188, 98)
(164, 156)
(175, 179)
(67, 60)
(25, 98)
(23, 70)
(50, 175)
(56, 76)
(34, 48)
(41, 108)
(119, 141)
(27, 56)
(174, 25)
(39, 60)
(22, 95)
(89, 135)
(97, 61)
(56, 76)
(17, 24)
(47, 173)
(67, 60)
(26, 71)
(33, 53)
(45, 53)
(73, 120)
(23, 19)
(97, 73)
(56, 76)
(69, 62)
(72, 66)
(17, 24)
(28, 62)
(50, 30)
(34, 19)
(88, 71)
(44, 48)
(29, 70)
(18, 17)
(23, 39)
(48, 18)
(58, 141)
(26, 58)
(164, 156)
(18, 107)
(56, 76)
(41, 41)
(63, 22)
(34, 39)
(56, 76)
(67, 61)
(56, 76)
(93, 60)
(23, 27)
(56, 76)
(18, 164)
(42, 30)
(44, 55)
(28, 123)
(87, 69)
(57, 19)
(44, 54)
(92, 61)
(56, 76)
(56, 76)
(46, 17)
(31, 66)
(56, 76)
(28, 70)
(46, 45)
(17, 182)
(57, 18)
(56, 76)
(25, 74)
(196, 183)
(46, 103)
(17, 40)
(56, 76)
(19, 179)
(52, 60)
(70, 59)
(56, 76)
(53, 37)
(64, 58)
(43, 35)
(56, 76)
(56, 76)
(137, 21)
(66, 59)
(22, 29)
(34, 170)
(24, 177)
(18, 63)
(56, 76)
(19, 102)
(56, 76)
(56, 76)
(176, 172)
(17, 53)
(69, 62)
(56, 76)
(26, 20)
(31, 70)
(56, 76)
(165, 30)
(17, 34)
(92, 62)
(34, 22)
(24, 70)
(87, 174)
(63, 22)
(80, 173)
(62, 22)
(20, 178)
(56, 76)
(29, 23)
(122, 142)
(21, 86)
(17, 164)
(99, 74)
(27, 66)
(56, 76)
(17, 46)
(130, 37)
(58, 21)
(56, 110)
(48, 63)
(85, 178)
(56, 76)
(37, 56)
(91, 64)
(17, 164)
(74, 168)
(56, 76)
(97, 72)
(63, 58)
(61, 60)
(33, 77)
(69, 57)
(30, 95)
(27, 169)
(19, 79)
(45, 101)
(26, 19)
(120, 59)
(17, 173)
(49, 68)
(29, 98)
(56, 76)
(138, 42)
(119, 41)
(33, 61)
(159, 39)
(47, 20)
(18, 78)
(19, 44)
(56, 76)
(57, 28)
(33, 61)
(44, 44)
(22, 92)
(55, 27)
(52, 119)
(21, 52)
(31, 78)
(24, 80)
(70, 58)
(52, 48)
(25, 98)
(31, 118)
(17, 99)
(188, 177)
(69, 138)
(37, 41)
(73, 66)
(17, 169)
(73, 66)
(92, 69)
(17, 24)
(45, 67)
(56, 68)
(56, 76)
(34, 51)
(18, 33)
(43, 32)
(18, 39)
(58, 18)
(17, 26)
(92, 69)
(56, 76)
(33, 73)
(56, 76)
(115, 183)
(28, 68)
(49, 32)
(23, 42)
(65, 57)
(24, 158)
(18, 56)
(119, 51)
(45, 60)
(20, 142)
(55, 173)
(92, 69)
(33, 60)
(102, 183)
(17, 83)
(119, 55)
(75, 124)
(42, 139)
(46, 106)
(24, 63)
(53, 45)
(48, 64)
(28, 79)
(26, 61)
(28, 125)
(76, 65)
(56, 76)
(54, 174)
(54, 25)
(46, 19)
(20, 26)
(65, 59)
(43, 22)
(23, 148)
(34, 44)
(50, 17)
(48, 132)
(50, 182)
(23, 25)
(47, 21)
(39, 59)
(22, 137)
(22, 92)
(71, 58)
(18, 17)
(49, 22)
(35, 161)
(42, 42)
(56, 76)
(19, 21)
(74, 62)
(18, 17)
(40, 41)
(95, 63)
(97, 72)
(88, 67)
(19, 84)
(150, 44)
(56, 76)
(25, 51)
(56, 76)
(29, 23)
(34, 32)
(18, 125)
(73, 66)
(17, 169)
(56, 76)
(49, 58)
(25, 43)
(154, 19)
(55, 70)
(37, 19)
(20, 43)
(23, 73)
(27, 182)
(137, 180)
(65, 18)
(56, 76)
(93, 67)
(35, 115)
(134, 143)
(57, 17)
(61, 61)
(176, 172)
(94, 64)
(92, 61)
(25, 46)
(53, 69)
(29, 141)
(25, 116)
(64, 20)
(47, 111)
(45, 19)
(43, 22)
(21, 132)
(160, 156)
(26, 51)
(78, 117)
(72, 63)
(28, 85)
(57, 67)
(21, 49)
(21, 49)
(32, 177)
(20, 101)
(24, 28)
(51, 18)
(114, 46)
(18, 19)
(30, 124)
(56, 76)
(19, 20)
(27, 63)
(24, 75)
(152, 62)
(28, 89)
(102, 77)
(84, 70)
(56, 76)
(54, 25)
(71, 115)
(72, 169)
(91, 65)
(52, 69)
(56, 76)
(29, 22)
(20, 66)
(48, 40)
(27, 154)
(53, 63)
(77, 61)
(17, 170)
(69, 60)
(103, 77)
(117, 48)
(89, 65)
(17, 78)
(65, 59)
(50, 115)
(38, 27)
(56, 76)
(26, 20)
(28, 42)
(20, 94)
(75, 179)
(56, 76)
(20, 183)
(21, 175)
(41, 99)
(56, 76)
(56, 76)
(52, 19)
(83, 65)
(21, 67)
(48, 51)
(68, 61)
(22, 80)
(17, 85)
(56, 76)
(21, 18)
(101, 53)
(89, 66)
(56, 76)
(29, 37)
(69, 18)
(26, 27)
(66, 55)
(66, 60)
(20, 43)
(19, 57)
(56, 76)
(25, 170)
(47, 19)
(56, 76)
(47, 19)
(43, 65)
(56, 76)
(56, 76)
(54, 31)
(31, 79)
(56, 76)
(56, 76)
(56, 76)
(50, 23)
(51, 106)
(17, 174)
(56, 76)
(81, 129)
(25, 26)
(53, 57)
(17, 55)
(52, 22)
(21, 173)
(44, 40)
(18, 31)
(69, 58)
(72, 66)
(46, 65)
(25, 52)
(125, 164)
(68, 18)
(73, 66)
(56, 76)
(56, 76)
(66, 59)
(37, 31)
(108, 46)
(53, 55)
(67, 179)
(56, 76)
(30, 37)
(70, 63)
(92, 63)
(25, 75)
(71, 63)
(30, 19)
(56, 76)
(36, 58)
(56, 76)
(70, 17)
(56, 76)
(155, 40)
(42, 32)
(103, 72)
(17, 72)
(56, 76)
(29, 63)
(25, 57)
(44, 18)
(57, 67)
(33, 26)
(56, 76)
(66, 59)
(56, 76)
(56, 76)
(50, 57)
(37, 22)
(23, 88)
(41, 34)
(44, 19)
(31, 39)
(60, 61)
(24, 54)
(40, 38)
(52, 66)
(56, 76)
(33, 33)
(65, 59)
(55, 21)
(41, 37)
(55, 18)
(56, 76)
(30, 51)
(37, 22)
(97, 66)
(41, 20)
(18, 82)
(70, 63)
(68, 64)
(50, 66)
(25, 156)
(44, 68)
(49, 30)
(56, 76)
(91, 68)
(56, 76)
(22, 17)
(56, 76)
(70, 62)
(41, 19)
(56, 76)
(56, 26)
(39, 42)
(68, 61)
(44, 66)
(90, 63)
(56, 76)
(63, 61)
(124, 146)
(27, 78)
(48, 18)
(119, 47)
(56, 76)
(31, 27)
(56, 76)
(92, 65)
(52, 61)
(71, 63)
(27, 67)
(32, 21)
(116, 159)
(22, 26)
(22, 56)
(56, 76)
(89, 72)
(45, 49)
(72, 65)
(91, 73)
(64, 58)
(24, 54)
(24, 54)
(92, 64)
(29, 58)
(56, 76)
(81, 68)
(53, 39)
(23, 87)
(30, 48)
(18, 56)
(56, 76)
(117, 52)
(17, 36)
(25, 27)
(19, 61)
(145, 58)
(89, 65)
(75, 60)
(19, 42)
(90, 63)
(71, 64)
(23, 17)
(74, 56)
(56, 76)
(28, 59)
(56, 76)
(69, 154)
(91, 63)
(56, 76)
(44, 17)
(42, 36)
(56, 76)
(56, 76)
(56, 76)
(17, 88)
(75, 66)
(68, 61)
(47, 28)
(58, 18)
(56, 76)
(17, 71)
(38, 20)
(56, 76)
(56, 76)
(56, 76)
(82, 69)
(39, 62)
(56, 76)
(45, 171)
(92, 67)
(26, 28)
(52, 23)
(37, 55)
(83, 70)
(103, 72)
(44, 51)
(73, 66)
(90, 63)
(56, 76)
(62, 21)
(35, 34)
(99, 67)
(121, 47)
(25, 68)
(35, 22)
(71, 64)
(56, 76)
(95, 65)
(56, 76)
(21, 20)
(69, 62)
(41, 19)
(24, 43)
(29, 34)
(105, 80)
(63, 58)
(21, 42)
(72, 66)
(32, 97)
(22, 35)
(73, 66)
(90, 63)
(56, 76)
(56, 76)
(48, 19)
(47, 18)
(62, 133)
(102, 60)
(50, 39)
(51, 56)
(17, 31)
(56, 27)
(49, 21)
(38, 57)
(56, 76)
(55, 23)
(34, 109)
(53, 17)
(20, 98)
(56, 76)
(34, 22)
(43, 106)
(124, 32)
(100, 56)
(160, 39)
(43, 17)
(19, 172)
(56, 76)
(26, 44)
(56, 76)
(20, 30)
(17, 92)
(36, 97)
(17, 97)
(56, 76)
(28, 66)
(56, 76)
(56, 76)
(113, 52)
(31, 125)
(37, 41)
(25, 58)
(56, 17)
(26, 55)
(44, 125)
(36, 21)
(29, 59)
(194, 163)
(71, 63)
(71, 64)
(61, 66)
(19, 137)
(56, 76)
(150, 43)
(42, 26)
(48, 60)
(83, 69)
(71, 65)
(39, 110)
(38, 63)
(17, 35)
(19, 52)
(64, 59)
(70, 63)
(56, 76)
(60, 20)
(68, 18)
(69, 62)
(56, 76)
(56, 76)
(29, 28)
(160, 17)
(17, 62)
(45, 45)
(95, 64)
(150, 161)
(56, 76)
(21, 30)
(20, 32)
(90, 73)
(58, 18)
(22, 68)
(56, 76)
(18, 25)
(56, 76)
(103, 72)
(56, 76)
(63, 17)
(60, 17)
(102, 71)
(25, 54)
(56, 76)
(56, 76)
(56, 76)
(36, 36)
(76, 66)
(30, 57)
(87, 66)
(33, 175)
(56, 76)
(169, 160)
(26, 47)
(38, 64)
(56, 76)
(67, 60)
(51, 65)
(56, 76)
(56, 76)
(72, 66)
(73, 63)
(120, 53)
(49, 70)
(22, 53)
(56, 76)
(31, 52)
(21, 49)
(40, 61)
(56, 76)
(56, 76)
(64, 58)
(54, 67)
(56, 76)
(38, 29)
(30, 52)
(56, 76)
(32, 51)
(95, 70)
(56, 76)
(21, 67)
(56, 76)
(56, 76)
(68, 61)
(56, 76)
(42, 53)
(68, 58)
(56, 76)
(65, 19)
(56, 76)
(100, 148)
(43, 34)
(17, 78)
(86, 69)
(62, 64)
(26, 26)
(17, 63)
(17, 80)
(82, 70)
(63, 58)
(89, 72)
(56, 76)
(163, 24)
(56, 76)
(17, 50)
(53, 70)
(134, 25)
(31, 33)
(101, 58)
(47, 167)
(33, 28)
(39, 40)
(56, 76)
(55, 18)
(56, 31)
(56, 76)
(56, 76)
(56, 76)
(53, 60)
(22, 46)
(20, 72)
(102, 67)
(56, 76)
(39, 66)
(56, 76)
(19, 81)
(17, 35)
(38, 22)
(56, 76)
(29, 49)
(56, 76)
(98, 123)
(44, 20)
(90, 67)
(56, 76)
(23, 101)
(27, 39)
(56, 67)
(24, 173)
(56, 76)
(56, 76)
(64, 62)
(18, 52)
(52, 64)
(51, 19)
(104, 79)
(24, 66)
(50, 21)
(56, 76)
(63, 58)
(17, 43)
(32, 23)
(17, 37)
(56, 76)
(63, 58)
(28, 44)
(57, 21)
(56, 76)
(26, 65)
(56, 76)
(40, 65)
(28, 61)
(71, 64)
(57, 18)
(86, 68)
(101, 63)
(45, 45)
(17, 96)
(56, 76)
(56, 76)
(17, 35)
(56, 76)
(56, 76)
(56, 76)
(18, 182)
(64, 64)
(33, 54)
(47, 122)
(56, 76)
(72, 66)
(23, 34)
(66, 61)
(68, 54)
(72, 66)
(102, 58)
(122, 32)
(44, 136)
(56, 76)
(56, 76)
(20, 47)
(17, 51)
(30, 66)
(32, 54)
(56, 76)
(18, 134)
(20, 164)
(64, 62)
(28, 46)
(44, 17)
(53, 22)
(47, 19)
(75, 63)
(73, 66)
(22, 84)
(48, 106)
(60, 27)
(56, 76)
(30, 175)
(22, 65)
(29, 19)
(17, 29)
(38, 53)
(92, 68)
(65, 59)
(18, 63)
(36, 22)
(28, 94)
(28, 71)
(61, 61)
(88, 67)
(28, 65)
(55, 21)
(26, 17)
(49, 24)
(56, 76)
(56, 76)
(34, 61)
(32, 41)
(28, 63)
(56, 76)
(73, 66)
(49, 23)
(70, 62)
(66, 18)
(45, 17)
(56, 76)
(38, 19)
(46, 43)
(66, 60)
(22, 56)
(63, 62)
(30, 136)
(66, 60)
(19, 86)
(56, 76)
(60, 69)
(64, 18)
(69, 62)
(87, 69)
(64, 58)
(56, 76)
(21, 181)
(56, 76)
(56, 76)
(71, 64)
(56, 76)
(19, 64)
(56, 76)
(56, 76)
(56, 76)
(70, 57)
(17, 77)
(56, 76)
(93, 68)
(56, 76)
(43, 173)
(33, 33)
(62, 169)
(59, 17)
(72, 66)
(17, 59)
(71, 64)
(73, 66)
(20, 76)
(75, 57)
(47, 19)
(42, 51)
(37, 58)
(17, 38)
(32, 116)
(77, 68)
(29, 54)
(33, 22)
(61, 26)
(56, 73)
(17, 57)
(30, 23)
(103, 74)
(21, 58)
(28, 58)
(56, 76)
(44, 19)
(60, 67)
(50, 18)
(63, 58)
(19, 26)
(56, 76)
(26, 52)
(25, 68)
(19, 76)
(31, 17)
(72, 54)
(33, 73)
(46, 59)
(44, 47)
(17, 23)
(17, 34)
(56, 76)
(21, 155)
(28, 91)
(49, 61)
(18, 56)
(21, 25)
(85, 67)
(73, 66)
(41, 19)
(22, 30)
(56, 76)
(21, 69)
(22, 72)
(22, 56)
(63, 58)
(17, 87)
(73, 66)
(35, 22)
(38, 62)
(39, 20)
(120, 56)
(56, 76)
(56, 76)
(24, 177)
(63, 22)
(28, 183)
(56, 76)
(49, 66)
(40, 20)
(31, 90)
(56, 76)
(56, 76)
(47, 69)
(70, 62)
(172, 107)
(59, 70)
(17, 59)
(70, 63)
(42, 22)
(37, 22)
(18, 62)
(60, 20)
(71, 64)
(56, 76)
(56, 76)
(19, 74)
(23, 56)
(56, 76)
(89, 70)
(32, 35)
(29, 25)
(64, 58)
(51, 49)
(64, 59)
(56, 76)
(56, 76)
(25, 53)
(26, 54)
(99, 74)
(26, 52)
(57, 30)
(56, 76)
(45, 102)
(56, 76)
(44, 23)
(17, 46)
(47, 19)
(56, 76)
(101, 70)
(89, 64)
(33, 110)
(31, 65)
(84, 66)
(28, 65)
(46, 57)
(63, 176)
(17, 73)
(56, 76)
(17, 34)
(70, 63)
(24, 73)
(54, 17)
(56, 76)
(90, 68)
(44, 45)
(56, 76)
(75, 62)
(33, 17)
(18, 43)
(71, 63)
(56, 76)
(17, 33)
(56, 76)
(26, 27)
(161, 174)
(56, 76)
(17, 102)
(61, 68)
(17, 42)
(45, 135)
(17, 94)
(17, 69)
(98, 63)
(21, 28)
(63, 58)
(34, 55)
(72, 65)
(89, 67)
(27, 71)
(169, 26)
(33, 26)
(18, 32)
(20, 51)
(44, 19)
(60, 18)
(45, 51)
(54, 23)
(21, 17)
(25, 33)
(56, 76)
(54, 17)
(56, 76)
(82, 63)
(56, 76)
(64, 17)
(24, 29)
(46, 59)
(32, 81)
(56, 76)
(141, 54)
(33, 139)
(56, 76)
(22, 44)
(56, 76)
(19, 52)
(17, 97)
(53, 20)
(55, 22)
(52, 19)
(37, 55)
(53, 179)
(36, 24)
(71, 63)
(55, 21)
(56, 76)
(50, 17)
(73, 55)
(68, 17)
(134, 22)
(64, 58)
(56, 76)
(26, 17)
(46, 28)
(89, 65)
(18, 160)
(72, 53)
(56, 76)
(73, 66)
(46, 163)
(38, 18)
(34, 40)
(56, 76)
(56, 76)
(56, 76)
(32, 25)
(26, 95)
(49, 39)
(58, 71)
(26, 52)
(24, 33)
(72, 66)
(70, 63)
(56, 76)
(65, 62)
(56, 76)
(56, 76)
(61, 17)
(178, 19)
(21, 65)
(56, 76)
(56, 76)
(56, 76)
(56, 76)
(35, 22)
(56, 76)
(40, 56)
(22, 94)
(68, 61)
(81, 69)
(17, 91)
(56, 76)
(30, 48)
(56, 76)
(56, 76)
(24, 21)
(104, 78)
(53, 21)
(56, 76)
(22, 31)
(40, 20)
(122, 57)
(19, 63)
(42, 56)
(19, 85)
(103, 78)
(21, 81)
(56, 76)
(39, 52)
(56, 76)
(41, 20)
(17, 34)
(17, 20)
(17, 33)
(30, 17)
(57, 68)
(56, 76)
(56, 76)
(68, 61)
(20, 31)
(17, 38)
(72, 66)
(18, 41)
(19, 32)
(73, 66)
(91, 68)
(124, 29)
(25, 66)
(17, 34)
(67, 20)
(20, 175)
(58, 183)
(44, 19)
(30, 17)
(75, 62)
(185, 160)
(41, 19)
(99, 77)
(92, 61)
(47, 106)
(54, 70)
(64, 58)
(50, 50)
(56, 76)
(17, 125)
(91, 68)
(65, 59)
(87, 72)
(65, 59)
(88, 68)
(72, 64)
(72, 66)
(17, 97)
(73, 66)
(56, 76)
(32, 92)
(17, 41)
(72, 66)
(69, 61)
(17, 17)
(30, 74)
(21, 28)
(64, 58)
(56, 76)
(51, 51)
(56, 76)
(101, 77)
(60, 68)
(37, 117)
(74, 129)
(101, 57)
(24, 50)
(58, 70)
(56, 76)
(56, 76)
(17, 139)
(17, 55)
(63, 59)
(91, 69)
(55, 71)
(56, 76)
(56, 76)
(124, 175)
(56, 76)
(56, 76)
(47, 19)
(56, 76)
(53, 50)
(49, 32)
(24, 134)
(73, 66)
(103, 73)
(17, 102)
(56, 76)
(56, 21)
(56, 76)
(56, 76)
(41, 20)
(101, 66)
(19, 64)
(41, 17)
(80, 176)
(43, 19)
(57, 65)
(39, 171)
(78, 64)
(56, 76)
(56, 76)
(43, 53)
(44, 22)
(49, 51)
(47, 55)
(23, 28)
(20, 79)
(24, 54)
(26, 53)
(56, 76)
(44, 19)
(70, 62)
(23, 18)
(19, 96)
(28, 39)
(49, 23)
(41, 17)
(73, 66)
(56, 76)
(56, 72)
(22, 87)
(50, 43)
(76, 60)
(56, 76)
(27, 96)
(26, 64)
(44, 31)
(35, 30)
(97, 69)
(56, 76)
(56, 76)
(315, 18)
(56, 76)
(67, 60)
(56, 76)
(65, 59)
(68, 61)
(46, 19)
(17, 116)
(70, 63)
(56, 76)
(56, 76)
(56, 76)
(56, 76)
(28, 50)
(23, 171)
(26, 68)
(22, 142)
(63, 58)
(21, 42)
(65, 17)
(56, 76)
(17, 87)
(51, 59)
(56, 76)
(56, 76)
(29, 67)
(58, 173)
(89, 67)
(104, 77)
(77, 67)
(87, 72)
(36, 46)
(72, 65)
(56, 76)
(20, 99)
(50, 64)
(24, 76)
(29, 48)
(72, 65)
(56, 76)
(66, 59)
(115, 178)
(52, 71)
(56, 76)
(22, 52)
(22, 172)
(52, 69)
(56, 76)
(32, 86)
(24, 52)
(73, 66)
(56, 76)
(56, 76)
(56, 76)
(56, 76)
(27, 72)
(17, 36)
(69, 62)
(56, 76)
(56, 76)
(69, 62)
(22, 71)
(50, 17)
(51, 57)
(71, 52)
(56, 76)
(23, 31)
(56, 76)
(22, 139)
(31, 60)
(56, 76)
(46, 56)
(110, 177)
(25, 24)
(85, 67)
(22, 47)
(28, 25)
(56, 76)
(22, 56)
(56, 76)
(27, 67)
(51, 19)
(56, 76)
(80, 66)
(81, 67)
(36, 172)
(35, 115)
(56, 76)
(139, 147)
(55, 30)
(56, 76)
(28, 86)
(56, 76)
(63, 58)
(31, 171)
(23, 85)
(43, 108)
(74, 180)
(96, 137)
(49, 68)
(23, 71)
(167, 21)
(21, 83)
(27, 75)
(53, 69)
(51, 42)
(28, 73)
(38, 59)
(22, 22)
(42, 33)
(57, 147)
(24, 176)
(22, 63)
(56, 76)
(22, 54)
(56, 76)
(51, 19)
(70, 65)
(95, 72)
(67, 17)
(56, 76)
(27, 18)
(18, 73)
(193, 172)
(135, 38)
(21, 92)
(38, 18)
(56, 76)
(37, 57)
(41, 173)
(91, 70)
(50, 52)
(86, 173)
(73, 66)
(56, 76)
(20, 63)
(56, 76)
(37, 107)
(114, 150)
(25, 76)
(29, 38)
(45, 183)
(27, 171)
(56, 76)
(23, 176)
(18, 162)
(83, 67)
(17, 36)
(33, 48)
(30, 20)
(121, 35)
(141, 25)
(48, 66)
(17, 37)
(146, 155)
(65, 58)
(55, 30)
(44, 58)
(29, 170)
(65, 19)
(98, 72)
(46, 22)
(56, 76)
(88, 67)
(85, 71)
(52, 71)
(32, 25)
(33, 22)
(46, 121)
(24, 164)
(27, 27)
(27, 170)
(75, 57)
(36, 56)
(19, 78)
(19, 42)
(35, 176)
(89, 66)
(81, 69)
(17, 182)
(17, 51)
(137, 151)
(24, 58)
(104, 78)
(35, 22)
(101, 70)
(21, 28)
(34, 30)
(28, 53)
(29, 32)
(100, 71)
(56, 76)
(35, 160)
(53, 64)
(56, 76)
(75, 63)
(64, 18)
(54, 19)
(56, 76)
(37, 32)
(33, 19)
(17, 84)
(56, 76)
(24, 26)
(44, 178)
(27, 78)
(85, 68)
(37, 44)
(39, 169)
(38, 26)
(57, 22)
(20, 49)
(18, 83)
(70, 17)
(56, 76)
(39, 49)
(22, 31)
(17, 48)
(70, 63)
(17, 104)
(23, 31)
(20, 79)
(58, 71)
(84, 70)
(104, 77)
(61, 17)
(98, 68)
(56, 76)
(47, 69)
(20, 20)
(21, 62)
(31, 73)
(17, 79)
(56, 76)
(20, 33)
(56, 76)
(74, 55)
(92, 70)
(25, 35)
(26, 68)
(57, 18)
(85, 70)
(18, 50)
(57, 71)
(19, 29)
(89, 69)
(101, 63)
(97, 76)
(53, 175)
(28, 72)
(49, 70)
(17, 123)
(18, 21)
(99, 60)
(62, 67)
(45, 28)
(19, 36)
(26, 51)
(46, 28)
(87, 68)
(22, 67)
(68, 63)
(30, 31)
(93, 69)
(56, 76)
(39, 21)
(83, 64)
(40, 21)
(40, 178)
(24, 19)
(40, 17)
(57, 21)
(42, 22)
(23, 29)
(103, 73)
(28, 76)
(19, 60)
(56, 76)
(29, 31)
(32, 31)
(20, 19)
(51, 57)
(18, 33)
(100, 60)
(56, 76)
(64, 19)
(20, 60)
(47, 142)
(96, 60)
(21, 119)
(21, 170)
(91, 172)
(52, 49)
(18, 44)
(91, 70)
(56, 76)
(67, 60)
(29, 21)
(89, 169)
(75, 66)
(139, 141)
(100, 54)
(52, 67)
(57, 65)
(89, 127)
(123, 159)
(98, 155)
(37, 60)
(18, 55)
(54, 23)
(50, 183)
(49, 31)
(103, 170)
(116, 142)
(39, 50)
(46, 58)
(88, 67)
(41, 101)
(23, 176)
(51, 157)
(95, 71)
(87, 153)
(26, 174)
(23, 173)
(38, 48)
(22, 37)
(45, 40)
(39, 62)
(24, 77)
(20, 41)
(21, 72)
(56, 76)
(21, 65)
(59, 65)
(37, 168)
(133, 36)
(69, 55)
(27, 174)
(18, 72)
(43, 39)
(192, 173)
(69, 175)
(56, 76)
(56, 76)
(51, 71)
(50, 62)
(18, 23)
(22, 31)
(22, 29)
(81, 176)
(18, 24)
(22, 148)
(24, 72)
(37, 31)
(73, 181)
(30, 173)
(38, 50)
(169, 23)
(101, 70)
(56, 76)
(37, 104)
(149, 160)
(56, 76)
(47, 46)
(57, 18)
(30, 61)
(103, 61)
(64, 20)
(56, 76)
(118, 144)
(51, 44)
(47, 65)
(30, 26)
(56, 76)
(56, 76)
(191, 175)
(172, 27)
(93, 63)
(41, 57)
(53, 68)
(34, 63)
(56, 76)
(70, 65)
(47, 166)
(36, 30)
(17, 150)
(26, 45)
(24, 30)
(19, 168)
(56, 76)
(66, 20)
(99, 61)
(24, 84)
(197, 164)
(69, 53)
(56, 76)
(56, 76)
(39, 174)
(22, 32)
(38, 179)
(17, 76)
(23, 19)
(19, 182)
(54, 67)
(17, 27)
(23, 30)
(22, 74)
(17, 113)
(40, 180)
(56, 76)
(17, 40)
(109, 174)
(50, 167)
(24, 80)
(36, 62)
(52, 133)
(31, 162)
(59, 69)
(175, 158)
(17, 57)
(135, 32)
(56, 76)
(23, 27)
(86, 67)
(56, 76)
(23, 100)
(89, 65)
(53, 50)
(24, 101)
(81, 180)
(34, 39)
(21, 64)
(56, 76)
(33, 173)
(64, 59)
(26, 56)
(49, 159)
(17, 79)
(128, 144)
(92, 64)
(17, 136)
(56, 76)
(178, 17)
(18, 173)
(87, 71)
(19, 52)
(55, 21)
(56, 76)
(53, 34)
(39, 55)
(23, 48)
(28, 34)
(36, 17)
(29, 50)
(54, 18)
(34, 62)
(150, 36)
(33, 158)
(100, 58)
(101, 74)
(28, 107)
(56, 76)
(41, 18)
(33, 49)
(20, 33)
(70, 58)
(37, 48)
(34, 28)
(137, 157)
(25, 173)
(102, 78)
(100, 56)
(102, 78)
(22, 30)
(89, 71)
(32, 26)
(56, 76)
(24, 178)
(56, 65)
(44, 21)
(56, 76)
(145, 142)
(58, 63)
(56, 76)
(46, 176)
(68, 18)
(90, 181)
(26, 174)
(26, 161)
(27, 33)
(217, 175)
(37, 100)
(56, 76)
(22, 30)
(28, 172)
(28, 66)
(21, 61)
(18, 35)
(65, 175)
(83, 65)
(188, 174)
(148, 151)
(32, 35)
(19, 78)
(73, 65)
(166, 179)
(47, 102)
(72, 65)
(30, 17)
(19, 19)
(44, 183)
(49, 52)
(118, 52)
(101, 57)
(31, 87)
(102, 129)
(56, 76)
(29, 58)
(24, 83)
(18, 80)
(56, 76)
(18, 82)
(19, 83)
(20, 101)
(88, 67)
(29, 92)
(170, 170)
(99, 69)
(29, 54)
(43, 19)
(73, 61)
(28, 33)
(58, 129)
(29, 86)
(66, 60)
(58, 29)
(49, 171)
(169, 88)
(57, 29)
(22, 141)
(25, 53)
(121, 135)
(58, 110)
(33, 44)
(51, 21)
(36, 64)
(31, 81)
(21, 60)
(168, 170)
(56, 76)
(37, 124)
(27, 108)
(56, 29)
(28, 54)
(25, 76)
(67, 60)
(40, 30)
(100, 65)
(46, 35)
(53, 68)
(57, 64)
(37, 40)
(55, 66)
(17, 45)
(71, 127)
(54, 67)
(85, 118)
(43, 52)
(19, 59)
(56, 76)
(56, 76)
(56, 76)
(51, 24)
(27, 34)
(68, 61)
(99, 69)
(68, 64)
(54, 25)
(72, 65)
(25, 46)
(226, 182)
(170, 170)
(46, 177)
(19, 177)
(29, 128)
(56, 76)
(75, 61)
(59, 70)
(103, 50)
(88, 67)
(19, 17)
(41, 106)
(116, 55)
(193, 180)
(84, 121)
(19, 79)
(56, 76)
(108, 140)
(28, 175)
(56, 76)
(32, 44)
(79, 152)
(38, 128)
(56, 17)
(56, 76)
(26, 62)
(98, 71)
(47, 17)
(100, 62)
(37, 36)
(56, 76)
(60, 183)
(138, 153)
(56, 76)
(92, 61)
(94, 67)
(46, 52)
(17, 56)
(44, 43)
(161, 25)
(47, 53)
(56, 18)
(25, 94)
(46, 35)
(50, 133)
(72, 65)
(41, 59)
(36, 148)
(44, 66)
(42, 27)
(18, 182)
(18, 139)
(17, 63)
(19, 182)
(181, 157)
(51, 70)
(33, 75)
(56, 68)
(59, 66)
(60, 112)
(56, 76)
(181, 157)
(124, 36)
(55, 29)
(42, 18)
(24, 69)
(18, 83)
(93, 69)
(26, 62)
(55, 29)
(56, 76)
(125, 54)
(56, 137)
(95, 151)
(53, 22)
(32, 65)
(22, 32)
(49, 68)
(90, 72)
(39, 37)
(158, 32)
(101, 71)
(56, 76)
(38, 47)
(53, 34)
(26, 181)
(41, 41)
(26, 124)
(46, 19)
(44, 19)
(27, 78)
(41, 63)
(41, 176)
(58, 18)
(18, 26)
(119, 140)
(56, 76)
(56, 76)
(17, 92)
(118, 54)
(63, 59)
(91, 62)
(41, 18)
(17, 129)
(19, 52)
(49, 19)
(36, 160)
(25, 76)
(92, 61)
(151, 182)
(20, 72)
(93, 168)
(18, 43)
(30, 31)
(30, 145)
(56, 76)
(95, 68)
(54, 71)
(35, 48)
(46, 171)
(56, 76)
(22, 82)
(56, 76)
(73, 66)
(118, 176)
(44, 31)
(83, 165)
(56, 76)
(27, 94)
(65, 171)
(26, 25)
(42, 108)
(134, 171)
(17, 75)
(18, 25)
(53, 69)
(77, 181)
(165, 164)
(72, 65)
(31, 161)
(105, 79)
(56, 76)
(17, 69)
(56, 76)
(33, 91)
(56, 76)
(33, 35)
(172, 28)
(35, 122)
(36, 34)
(74, 179)
(50, 127)
(100, 124)
(77, 161)
(56, 76)
(101, 64)
(56, 76)
(104, 159)
(56, 76)
(116, 177)
(56, 76)
(44, 17)
(25, 54)
(56, 109)
(71, 65)
(123, 165)
(35, 166)
(29, 78)
(136, 178)
(18, 23)
(17, 60)
(31, 50)
(34, 24)
(68, 54)
(17, 110)
(30, 33)
(46, 122)
(56, 76)
(56, 76)
(21, 101)
(32, 32)
(53, 68)
(54, 27)
(66, 19)
(24, 85)
(119, 155)
(121, 43)
(48, 26)
(99, 69)
(22, 25)
(56, 76)
(69, 64)
(84, 65)
(69, 62)
(74, 55)
(35, 51)
(18, 32)
(46, 122)
(26, 56)
(24, 91)
(18, 99)
(29, 23)
(39, 22)
(52, 66)
(115, 157)
(50, 48)
(36, 57)
(30, 91)
(49, 62)
(56, 31)
(52, 32)
(25, 76)
(24, 69)
(120, 34)
(25, 58)
(29, 80)
(127, 174)
(21, 27)
(43, 105)
(46, 19)
(50, 65)
(76, 62)
(26, 17)
(80, 68)
(147, 144)
(74, 57)
(26, 33)
(19, 98)
(26, 79)
(46, 109)
(17, 97)
(56, 76)
(56, 76)
(30, 48)
(118, 133)
(46, 42)
(50, 35)
(32, 56)
(195, 169)
(36, 39)
(78, 158)
(48, 44)
(66, 125)
(193, 172)
(56, 76)
(20, 170)
(56, 76)
(28, 151)
(68, 61)
(45, 62)
(40, 57)
(20, 106)
(52, 29)
(60, 65)
(98, 77)
(72, 65)
(33, 17)
(157, 26)
(23, 30)
(49, 119)
(157, 17)
(56, 76)
(71, 55)
(52, 57)
(69, 60)
(42, 166)
(56, 18)
(17, 121)
(33, 84)
(28, 151)
(21, 118)
(73, 62)
(31, 99)
(26, 74)
(20, 38)
(55, 17)
(56, 76)
(56, 76)
(56, 76)
(17, 82)
(79, 69)
(160, 83)
(18, 51)
(21, 49)
(80, 69)
(18, 21)
(134, 20)
(51, 18)
(59, 21)
(157, 18)
(22, 86)
(18, 97)
(17, 100)
(137, 175)
(49, 131)
(98, 57)
(17, 82)
(19, 182)
(17, 181)
(33, 22)
(57, 68)
(111, 131)
(35, 48)
(44, 164)
(56, 76)
(18, 75)
(30, 85)
(59, 21)
(51, 63)
(17, 53)
(160, 43)
(73, 66)
(73, 66)
(100, 69)
(21, 158)
(48, 169)
(46, 32)
(158, 172)
(34, 136)
(39, 40)
(17, 71)
(29, 17)
(56, 76)
(56, 76)
(85, 127)
(43, 52)
(123, 141)
(27, 149)
(21, 120)
(69, 64)
(84, 70)
(70, 182)
(17, 53)
(154, 147)
(37, 134)
(161, 164)
(18, 104)
(17, 80)
(60, 68)
(25, 179)
(25, 43)
(30, 120)
(56, 76)
(21, 152)
(155, 31)
(56, 76)
(26, 54)
(73, 66)
(41, 66)
(21, 153)
(115, 177)
(56, 76)
(102, 126)
(21, 43)
(121, 53)
(49, 172)
(74, 55)
(30, 154)
(17, 141)
(136, 175)
(56, 76)
(22, 57)
(56, 76)
(86, 71)
(56, 76)
(160, 168)
(73, 54)
(48, 41)
(124, 152)
(18, 31)
(59, 65)
(70, 176)
(18, 103)
(136, 34)
(152, 147)
(52, 66)
(48, 174)
(123, 32)
(63, 147)
(180, 164)
(27, 75)
(34, 27)
(27, 44)
(51, 67)
(73, 66)
(73, 59)
(43, 18)
(44, 167)
(17, 59)
(46, 39)
(27, 175)
(69, 61)
(56, 76)
(69, 64)
(57, 29)
(35, 18)
(56, 76)
(101, 59)
(31, 161)
(17, 148)
(40, 24)
(153, 25)
(72, 66)
(45, 170)
(60, 61)
(19, 55)
(33, 78)
(29, 85)
(43, 54)
(99, 68)
(51, 44)
(69, 159)
(71, 64)
(112, 159)
(31, 168)
(43, 144)
(17, 53)
(65, 58)
(131, 143)
(33, 95)
(24, 160)
(73, 66)
(17, 51)
(70, 63)
(55, 66)
(90, 65)
(56, 137)
(35, 30)
(37, 44)
(81, 65)
(70, 61)
(78, 68)
(31, 21)
(97, 68)
(73, 66)
(47, 61)
(62, 23)
(19, 110)
(36, 45)
(17, 33)
(53, 19)
(56, 76)
(200, 169)
(17, 17)
(44, 38)
(59, 183)
(73, 66)
(67, 183)
(107, 132)
(98, 57)
(160, 156)
(42, 44)
(101, 59)
(84, 120)
(51, 71)
(56, 76)
(26, 130)
(22, 110)
(32, 55)
(53, 68)
(51, 32)
(90, 120)
(49, 179)
(81, 176)
(152, 166)
(56, 76)
(91, 63)
(133, 139)
(88, 70)
(28, 88)
(67, 61)
(22, 83)
(65, 59)
(44, 25)
(17, 141)
(56, 76)
(81, 63)
(79, 117)
(92, 69)
(87, 122)
(73, 115)
(46, 37)
(80, 171)
(33, 85)
(73, 66)
(26, 74)
(92, 61)
(56, 76)
(73, 66)
(94, 72)
(26, 26)
(41, 28)
(113, 43)
(20, 81)
(57, 28)
(42, 30)
(78, 121)
(92, 64)
(22, 64)
(38, 28)
(157, 17)
(49, 37)
(57, 71)
(21, 53)
(56, 76)
(68, 19)
(114, 49)
(55, 23)
(18, 99)
(17, 48)
(24, 33)
(160, 163)
(30, 79)
(67, 17)
(17, 100)
(20, 28)
(26, 68)
(19, 60)
(20, 32)
(82, 133)
(32, 43)
(33, 85)
(21, 107)
(31, 45)
(30, 176)
(114, 40)
(158, 153)
(89, 71)
(23, 166)
(53, 170)
(90, 66)
(123, 54)
(31, 77)
(56, 26)
(26, 66)
(59, 183)
(67, 60)
(20, 29)
(55, 23)
(34, 59)
(46, 49)
(27, 117)
(17, 158)
(32, 58)
(56, 76)
(33, 49)
(42, 147)
(48, 39)
(66, 63)
(31, 72)
(21, 74)
(47, 175)
(66, 134)
(130, 155)
(123, 173)
(63, 17)
(18, 154)
(39, 182)
(89, 70)
(53, 21)
(49, 20)
(38, 169)
(43, 43)
(26, 135)
(62, 24)
(89, 144)
(22, 17)
(60, 144)
(17, 146)
(105, 79)
(25, 99)
(143, 22)
(50, 54)
(33, 89)
(153, 169)
(21, 52)
(56, 76)
(56, 76)
(18, 154)
(20, 177)
(56, 76)
(43, 20)
(73, 59)
(35, 140)
(49, 27)
(26, 89)
(18, 21)
(46, 19)
(87, 69)
(18, 125)
(56, 76)
(122, 160)
(54, 28)
(104, 79)
(18, 35)
(22, 53)
(43, 159)
(54, 72)
(120, 41)
(29, 54)
(56, 76)
(168, 170)
(118, 145)
(56, 76)
(108, 47)
(71, 63)
(56, 76)
(32, 18)
(100, 65)
(70, 120)
(45, 127)
(62, 22)
(144, 56)
(99, 56)
(66, 161)
(42, 179)
(50, 175)
(90, 69)
(35, 57)
(17, 55)
(102, 175)
(58, 183)
(22, 72)
(19, 114)
(31, 56)
(18, 96)
(120, 141)
(18, 125)
(144, 17)
(103, 69)
(20, 41)
(25, 93)
(35, 18)
(18, 125)
(119, 55)
(95, 137)
(23, 46)
(124, 162)
(57, 28)
(18, 154)
(168, 152)
(44, 54)
(71, 64)
(31, 99)
(56, 76)
(23, 25)
(66, 61)
(68, 61)
(74, 59)
(53, 71)
(172, 28)
(56, 76)
(68, 144)
(99, 69)
(99, 67)
(166, 33)
(23, 75)
(35, 31)
(30, 49)
(142, 22)
(89, 70)
(50, 175)
(34, 98)
(56, 65)
(18, 136)
(41, 40)
(47, 69)
(23, 174)
(131, 38)
(54, 134)
(17, 64)
(85, 178)
(85, 71)
(56, 76)
(17, 64)
(32, 91)
(29, 28)
(31, 172)
(36, 64)
(56, 76)
(123, 158)
(29, 17)
(64, 118)
(106, 144)
(89, 71)
(30, 48)
(102, 66)
(19, 128)
(96, 64)
(56, 76)
(17, 174)
(92, 123)
(76, 66)
(17, 41)
(91, 63)
(34, 63)
(98, 71)
(69, 62)
(121, 147)
(59, 127)
(23, 78)
(22, 63)
(43, 120)
(70, 118)
(93, 75)
(31, 17)
(103, 125)
(65, 22)
(29, 90)
(39, 177)
(23, 87)
(20, 107)
(47, 63)
(25, 43)
(56, 69)
(30, 49)
(66, 18)
(56, 76)
(20, 32)
(133, 27)
(20, 107)
(60, 145)
(56, 76)
(101, 56)
(92, 62)
(56, 76)
(17, 177)
(73, 66)
(91, 64)
(73, 135)
(20, 104)
(91, 66)
(27, 160)
(111, 141)
(25, 158)
(29, 51)
(56, 71)
(74, 57)
(55, 183)
(104, 77)
(40, 99)
(50, 106)
(20, 180)
(17, 50)
(56, 76)
(29, 41)
(91, 73)
(20, 77)
(130, 168)
(21, 92)
(43, 118)
(166, 180)
(28, 89)
(48, 43)
(58, 69)
(102, 78)
(73, 123)
(79, 121)
(56, 76)
(17, 104)
(56, 76)
(176, 18)
(134, 165)
(64, 121)
(69, 61)
(25, 31)
(45, 59)
(40, 19)
(30, 80)
(25, 31)
(28, 169)
(104, 183)
(53, 62)
(41, 28)
(25, 123)
(62, 172)
(21, 33)
(20, 151)
(17, 56)
(21, 17)
(32, 67)
(92, 73)
(39, 39)
(71, 57)
(127, 136)
(69, 61)
(22, 42)
(91, 64)
(27, 75)
(56, 76)
(83, 70)
(78, 66)
(79, 69)
(30, 72)
(62, 110)
(138, 170)
(36, 19)
(74, 122)
(70, 63)
(56, 76)
(60, 67)
(73, 66)
(68, 113)
(39, 102)
(22, 133)
(19, 53)
(56, 24)
(32, 67)
(74, 55)
(68, 63)
(45, 183)
(83, 66)
(73, 55)
(25, 77)
(39, 114)
(56, 76)
(55, 22)
(73, 66)
(70, 62)
(70, 59)
(165, 151)
(33, 74)
(37, 17)
(51, 20)
(55, 183)
(66, 113)
(97, 68)
(37, 130)
(28, 32)
(55, 183)
(35, 103)
(54, 20)
(19, 22)
(56, 76)
(38, 60)
(68, 61)
(92, 73)
(17, 109)
(51, 41)
(26, 31)
(35, 47)
(19, 24)
(91, 136)
(73, 66)
(54, 163)
(30, 96)
(88, 69)
(82, 149)
(30, 73)
(25, 123)
(114, 51)
(38, 51)
(56, 76)
(97, 76)
(24, 66)
(46, 28)
(46, 64)
(40, 25)
(17, 110)
(42, 108)
(171, 25)
(18, 54)
(18, 55)
(73, 66)
(45, 143)
(35, 52)
(17, 54)
(74, 55)
(150, 44)
(22, 71)
(74, 116)
(175, 24)
(65, 175)
(19, 53)
(172, 21)
(56, 76)
(20, 94)
(40, 175)
(54, 71)
(50, 119)
(100, 55)
(17, 134)
(56, 76)
(90, 64)
(56, 76)
(166, 180)
(126, 39)
(55, 111)
(21, 51)
(26, 88)
(94, 130)
(102, 60)
(91, 67)
(17, 57)
(75, 67)
(54, 69)
(91, 66)
(129, 156)
(73, 66)
(20, 109)
(56, 76)
(21, 48)
(70, 63)
(90, 68)
(58, 181)
(70, 63)
(92, 71)
(23, 67)
(85, 147)
(18, 35)
(50, 18)
(17, 63)
(67, 20)
(34, 169)
(53, 50)
(95, 74)
(25, 19)
(17, 35)
(18, 32)
(210, 175)
(31, 22)
(21, 110)
(216, 175)
(140, 28)
(45, 132)
(29, 20)
(17, 35)
(29, 48)
(68, 61)
(68, 64)
(120, 146)
(211, 172)
(66, 18)
(183, 159)
(104, 79)
(148, 148)
(42, 165)
(97, 145)
(72, 62)
(103, 133)
(21, 37)
(44, 155)
(69, 61)
(68, 61)
(71, 63)
(149, 61)
(63, 113)
(30, 52)
(25, 140)
(41, 28)
(18, 18)
(36, 175)
(27, 169)
(71, 177)
(56, 76)
(99, 131)
(56, 76)
(17, 49)
(41, 64)
(99, 59)
(102, 66)
(66, 19)
(49, 140)
(66, 18)
(17, 63)
(26, 86)
(22, 57)
(51, 71)
(123, 43)
(97, 145)
(20, 114)
(19, 46)
(188, 172)
(56, 76)
(57, 115)
(25, 85)
(25, 17)
(56, 76)
(56, 76)
(29, 31)
(69, 61)
(25, 17)
(85, 124)
(66, 19)
(28, 67)
(55, 177)
(68, 111)
(29, 34)
(50, 29)
(53, 43)
(43, 43)
(111, 136)
(25, 31)
(56, 76)
(22, 93)
(37, 102)
(39, 54)
(97, 76)
(116, 176)
(44, 18)
(36, 117)
(69, 61)
(22, 57)
(128, 139)
(17, 62)
(65, 127)
(31, 75)
(56, 76)
(32, 37)
(80, 67)
(30, 26)
(20, 32)
(108, 183)
(161, 152)
(47, 51)
(18, 65)
(103, 168)
(25, 115)
(33, 60)
(17, 19)
(17, 81)
(33, 17)
(40, 18)
(44, 22)
(53, 23)
(38, 54)
(20, 58)
(24, 71)
(47, 158)
(20, 32)
(118, 131)
(64, 112)
(84, 65)
(56, 76)
(21, 39)
(21, 101)
(106, 132)
(74, 55)
(26, 74)
(19, 46)
(54, 133)
(38, 164)
(102, 73)
(25, 42)
(119, 40)
(56, 76)
(211, 172)
(65, 20)
(30, 47)
(48, 37)
(35, 29)
(25, 17)
(29, 65)
(35, 97)
(156, 156)
(22, 138)
(66, 17)
(24, 25)
(18, 108)
(62, 133)
(20, 73)
(19, 73)
(72, 58)
(81, 69)
(150, 54)
(67, 60)
(74, 65)
(49, 57)
(30, 123)
(33, 183)
(27, 20)
(186, 171)
(48, 61)
(56, 76)
(50, 64)
(40, 130)
(17, 81)
(39, 22)
(20, 37)
(56, 76)
(124, 34)
(28, 74)
(29, 94)
(22, 47)
(41, 101)
(58, 166)
(22, 66)
(73, 65)
(174, 156)
(64, 19)
(47, 156)
(29, 65)
(49, 173)
(25, 133)
(49, 183)
(21, 59)
(23, 55)
(56, 65)
(39, 66)
(108, 183)
(24, 56)
(70, 63)
(47, 156)
(20, 28)
(37, 27)
(23, 77)
(74, 56)
(152, 54)
(53, 39)
(47, 26)
(17, 34)
(25, 18)
(56, 76)
(48, 62)
(28, 33)
(36, 48)
(47, 36)
(56, 76)
(43, 120)
(39, 181)
(27, 181)
(22, 29)
(26, 43)
(66, 61)
(27, 40)
(157, 168)
(35, 45)
(21, 69)
(56, 76)
(30, 149)
(64, 19)
(22, 53)
(19, 58)
(81, 180)
(21, 169)
(92, 62)
(35, 34)
(106, 136)
(56, 76)
(25, 65)
(67, 60)
(56, 76)
(56, 76)
(49, 61)
(22, 29)
(48, 67)
(19, 38)
(45, 164)
(120, 54)
(22, 24)
(72, 66)
(43, 67)
(45, 116)
(17, 72)
(50, 67)
(49, 61)
(37, 18)
(67, 60)
(32, 124)
(56, 76)
(24, 63)
(56, 76)
(56, 76)
(73, 66)
(49, 181)
(43, 25)
(56, 76)
(92, 72)
(34, 34)
(56, 76)
(106, 136)
(22, 174)
(56, 76)
(102, 73)
(26, 18)
(21, 63)
(17, 108)
(56, 76)
(51, 177)
(56, 76)
(56, 76)
(92, 67)
(56, 76)
(56, 76)
(28, 65)
(56, 76)
(85, 121)
(94, 132)
(56, 76)
(55, 20)
(55, 69)
(86, 168)
(69, 65)
(19, 86)
(26, 175)
(101, 166)
(69, 63)
(73, 66)
(56, 76)
(61, 174)
(19, 41)
(40, 18)
(42, 19)
(67, 64)
(56, 76)
(20, 34)
(19, 68)
(80, 66)
(38, 53)
(69, 65)
(59, 120)
(56, 76)
(22, 53)
(32, 73)
(100, 78)
(17, 37)
(46, 113)
(50, 171)
(30, 67)
(56, 76)
(68, 61)
(28, 133)
(76, 59)
(131, 22)
(23, 67)
(17, 33)
(102, 69)
(56, 76)
(56, 76)
(32, 56)
(54, 183)
(23, 48)
(51, 175)
(67, 60)
(23, 55)
(41, 169)
(54, 111)
(22, 66)
(31, 172)
(56, 76)
(56, 76)
(64, 65)
(36, 157)
(73, 66)
(122, 41)
(103, 54)
(92, 67)
(65, 22)
(17, 98)
(64, 23)
(72, 178)
(56, 76)
(74, 118)
(20, 19)
(49, 70)
(160, 45)
(133, 140)
(73, 66)
(54, 31)
(51, 27)
(54, 30)
(27, 155)
(21, 154)
(52, 22)
(26, 79)
(68, 129)
(38, 173)
(24, 78)
(28, 33)
(152, 54)
(78, 61)
(77, 117)
(30, 179)
(56, 76)
(129, 182)
(17, 52)
(164, 153)
(26, 18)
(56, 76)
(18, 30)
(58, 113)
(56, 76)
(28, 85)
(33, 74)
(35, 18)
(56, 76)
(32, 148)
(26, 80)
(17, 44)
(78, 127)
(26, 23)
(40, 102)
(17, 53)
(92, 72)
(37, 53)
(45, 164)
(145, 20)
(91, 66)
(56, 76)
(43, 103)
(155, 172)
(90, 72)
(56, 76)
(25, 18)
(29, 61)
(29, 66)
(119, 148)
(31, 72)
(63, 19)
(17, 178)
(56, 76)
(56, 76)
(56, 76)
(28, 80)
(34, 33)
(56, 76)
(179, 183)
(73, 66)
(29, 170)
(26, 33)
(57, 17)
(29, 36)
(32, 96)
(27, 37)
(56, 76)
(49, 43)
(56, 76)
(17, 48)
(60, 168)
(17, 115)
(52, 48)
(25, 53)
(19, 140)
(46, 33)
(81, 180)
(50, 104)
(19, 98)
(40, 28)
(36, 18)
(88, 70)
(71, 115)
(52, 71)
(19, 19)
(157, 151)
(17, 162)
(32, 73)
(18, 110)
(22, 29)
(48, 61)
(58, 180)
(58, 68)
(118, 176)
(38, 143)
(104, 130)
(24, 47)
(51, 67)
(72, 66)
(82, 144)
(23, 57)
(113, 135)
(24, 73)
(52, 66)
(24, 182)
(20, 42)
(29, 19)
(37, 181)
(50, 37)
(21, 19)
(56, 76)
(56, 76)
(84, 166)
(56, 76)
(71, 64)
(56, 76)
(67, 110)
(56, 76)
(49, 59)
(24, 83)
(37, 30)
(18, 100)
(48, 177)
(29, 183)
(91, 67)
(37, 17)
(52, 111)
(56, 76)
(23, 144)
(48, 179)
(56, 76)
(47, 42)
(56, 76)
(56, 76)
(70, 63)
(86, 179)
(73, 65)
(23, 127)
(56, 76)
(110, 138)
(32, 70)
(58, 68)
(40, 47)
(32, 100)
(64, 19)
(82, 130)
(50, 67)
(56, 76)
(26, 166)
(71, 65)
(67, 110)
(55, 125)
(26, 37)
(26, 79)
(38, 143)
(29, 38)
(90, 135)
(22, 131)
(93, 62)
(68, 53)
(26, 58)
(22, 50)
(51, 22)
(42, 25)
(23, 108)
(31, 72)
(33, 28)
(56, 76)
(102, 131)
(54, 72)
(56, 76)
(22, 69)
(56, 76)
(88, 73)
(29, 83)
(42, 54)
(105, 80)
(56, 76)
(18, 84)
(43, 63)
(91, 176)
(160, 43)
(100, 177)
(56, 76)
(69, 65)
(76, 57)
(56, 76)
(42, 54)
(19, 100)
(31, 95)
(155, 181)
(37, 17)
(34, 53)
(23, 99)
(99, 67)
(20, 39)
(56, 76)
(53, 69)
(52, 122)
(35, 46)
(63, 18)
(40, 30)
(64, 21)
(92, 62)
(136, 34)
(48, 179)
(47, 123)
(23, 56)
(54, 18)
(73, 66)
(24, 83)
(29, 138)
(22, 51)
(18, 75)
(65, 60)
(29, 55)
(58, 18)
(157, 151)
(38, 131)
(120, 171)
(72, 62)
(27, 46)
(56, 76)
(56, 76)
(19, 176)
(33, 183)
(27, 65)
(58, 66)
(130, 34)
(25, 56)
(27, 46)
(80, 68)
(48, 179)
(56, 76)
(56, 76)
(41, 33)
(49, 41)
(85, 164)
(18, 84)
(26, 46)
(22, 39)
(24, 81)
(56, 76)
(55, 117)
(26, 85)
(123, 134)
(17, 84)
(56, 76)
(56, 76)
(174, 23)
(65, 19)
(23, 43)
(46, 19)
(56, 76)
(45, 112)
(45, 55)
(46, 22)
(102, 154)
(26, 106)
(42, 58)
(17, 53)
(33, 68)
(23, 57)
(136, 42)
(52, 18)
(124, 40)
(135, 19)
(39, 54)
(34, 183)
(152, 29)
(72, 156)
(19, 34)
(97, 69)
(56, 76)
(66, 63)
(56, 76)
(33, 17)
(56, 76)
(87, 119)
(32, 96)
(21, 74)
(51, 53)
(107, 146)
(30, 60)
(101, 132)
(37, 108)
(99, 62)
(73, 66)
(17, 169)
(59, 68)
(25, 167)
(25, 49)
(32, 93)
(89, 64)
(23, 57)
(53, 55)
(50, 165)
(26, 146)
(72, 58)
(152, 181)
(179, 18)
(52, 39)
(19, 163)
(54, 68)
(28, 121)
(21, 178)
(73, 66)
(30, 131)
(24, 87)
(51, 60)
(222, 180)
(34, 183)
(56, 76)
(27, 159)
(48, 154)
(56, 164)
(47, 123)
(83, 65)
(56, 76)
(73, 55)
(72, 65)
(56, 76)
(19, 150)
(53, 113)
(66, 58)
(17, 71)
(91, 72)
(71, 65)
(73, 66)
(25, 35)
(56, 76)
(25, 75)
(22, 57)
(98, 130)
(33, 101)
(60, 143)
(50, 63)
(26, 28)
(44, 53)
(17, 73)
(23, 124)
(17, 20)
(47, 38)
(56, 76)
(22, 30)
(29, 63)
(49, 123)
(56, 76)
(37, 175)
(17, 19)
(56, 76)
(135, 20)
(53, 18)
(22, 122)
(28, 89)
(22, 90)
(66, 21)
(50, 37)
(20, 66)
(56, 76)
(21, 178)
(52, 164)
(52, 19)
(17, 109)
(87, 72)
(56, 76)
(18, 53)
(73, 66)
(21, 92)
(58, 117)
(75, 59)
(64, 18)
(31, 84)
(67, 64)
(18, 94)
(198, 164)
(64, 19)
(34, 35)
(51, 180)
(175, 159)
(65, 60)
(73, 66)
(26, 109)
(54, 160)
(56, 76)
(49, 67)
(19, 183)
(33, 71)
(53, 71)
(32, 18)
(48, 64)
(21, 131)
(48, 20)
(80, 68)
(29, 36)
(61, 17)
(73, 66)
(57, 17)
(108, 146)
(27, 88)
(19, 169)
(34, 41)
(19, 182)
(56, 76)
(91, 72)
(122, 137)
(100, 60)
(87, 174)
(56, 76)
(22, 79)
(20, 167)
(56, 76)
(162, 165)
(33, 74)
(155, 171)
(73, 65)
(70, 63)
(100, 58)
(45, 62)
(23, 45)
(150, 152)
(95, 154)
(73, 66)
(22, 57)
(101, 77)
(187, 177)
(33, 17)
(27, 85)
(42, 158)
(72, 65)
(32, 32)
(73, 66)
(56, 76)
(33, 103)
(40, 66)
(35, 178)
(50, 51)
(34, 183)
(44, 182)
(103, 71)
(18, 148)
(25, 41)
(46, 65)
(73, 66)
(39, 175)
(161, 42)
(35, 19)
(56, 76)
(17, 85)
(23, 70)
(17, 136)
(91, 65)
(56, 76)
(56, 76)
(56, 76)
(19, 169)
(54, 23)
(54, 24)
(157, 26)
(80, 117)
(49, 61)
(51, 51)
(27, 21)
(45, 20)
(25, 174)
(56, 76)
(54, 176)
(22, 93)
(90, 155)
(58, 171)
(149, 29)
(99, 125)
(76, 180)
(95, 75)
(26, 171)
(73, 66)
(27, 170)
(71, 65)
(47, 64)
(30, 162)
(56, 76)
(59, 18)
(56, 76)
(20, 43)
(131, 180)
(152, 173)
(31, 26)
(54, 70)
(40, 30)
(25, 40)
(67, 60)
(25, 143)
(26, 113)
(83, 64)
(56, 76)
(67, 64)
(55, 173)
(30, 82)
(56, 76)
(56, 76)
(126, 136)
(35, 30)
(31, 41)
(90, 64)
(148, 57)
(22, 21)
(69, 17)
(58, 169)
(18, 34)
(29, 178)
(87, 69)
(49, 17)
(22, 106)
(52, 107)
(93, 147)
(53, 113)
(104, 78)
(56, 76)
(28, 80)
(78, 65)
(117, 36)
(84, 163)
(97, 130)
(101, 55)
(47, 37)
(139, 42)
(38, 46)
(56, 76)
(26, 17)
(118, 139)
(25, 91)
(167, 35)
(47, 58)
(19, 74)
(56, 76)
(56, 76)
(83, 64)
(73, 132)
(21, 123)
(53, 64)
(103, 52)
(58, 171)
(120, 145)
(98, 133)
(26, 138)
(17, 179)
(109, 137)
(24, 119)
(56, 76)
(143, 160)
(68, 64)
(32, 95)
(72, 65)
(44, 64)
(87, 127)
(73, 66)
(72, 65)
(48, 66)
(17, 55)
(93, 180)
(65, 59)
(69, 18)
(46, 19)
(46, 62)
(24, 119)
(23, 19)
(17, 119)
(80, 135)
(100, 74)
(17, 20)
(69, 64)
(56, 76)
(54, 28)
(25, 171)
(20, 94)
(20, 93)
(24, 83)
(107, 143)
(52, 19)
(99, 64)
(114, 168)
(38, 59)
(72, 66)
(52, 112)
(18, 27)
(32, 72)
(56, 76)
(69, 57)
(153, 183)
(53, 156)
(23, 34)
(32, 50)
(30, 133)
(46, 130)
(56, 76)
(36, 117)
(91, 70)
(73, 66)
(26, 124)
(102, 52)
(174, 167)
(77, 68)
(32, 76)
(56, 76)
(88, 66)
(24, 40)
(58, 183)
(30, 99)
(58, 143)
(67, 61)
(66, 182)
(40, 38)
(17, 19)
(33, 57)
(53, 47)
(45, 156)
(77, 172)
(29, 47)
(103, 144)
(19, 32)
(56, 76)
(118, 146)
(56, 76)
(99, 129)
(107, 143)
(30, 53)
(41, 108)
(102, 71)
(17, 18)
(112, 42)
(17, 100)
(47, 23)
(57, 71)
(31, 75)
(56, 76)
(37, 180)
(206, 174)
(19, 127)
(97, 64)
(17, 119)
(28, 162)
(136, 18)
(92, 66)
(56, 106)
(19, 179)
(32, 173)
(28, 83)
(56, 76)
(49, 112)
(53, 59)
(29, 69)
(17, 177)
(65, 59)
(68, 61)
(45, 19)
(19, 33)
(27, 70)
(42, 20)
(29, 88)
(56, 76)
(178, 178)
(20, 173)
(99, 72)
(18, 32)
(81, 165)
(118, 41)
(97, 75)
(91, 63)
(32, 55)
(43, 159)
(27, 55)
(99, 72)
(17, 24)
(49, 53)
(56, 76)
(81, 124)
(68, 175)
(154, 24)
(34, 169)
(54, 29)
(25, 59)
(50, 67)
(50, 176)
(43, 112)
(50, 38)
(19, 104)
(27, 104)
(25, 31)
(73, 66)
(38, 38)
(81, 63)
(56, 76)
(53, 157)
(90, 64)
(26, 117)
(56, 76)
(31, 96)
(21, 180)
(89, 73)
(19, 22)
(44, 50)
(56, 76)
(56, 76)
(61, 159)
(114, 144)
(18, 35)
(18, 151)
(56, 76)
(68, 59)
(25, 43)
(50, 53)
(20, 50)
(91, 72)
(114, 53)
(20, 62)
(74, 183)
(32, 19)
(17, 155)
(75, 56)
(38, 60)
(72, 53)
(17, 31)
(31, 82)
(104, 158)
(56, 123)
(60, 24)
(17, 28)
(56, 76)
(40, 23)
(99, 176)
(72, 65)
(131, 138)
(56, 123)
(68, 63)
(84, 69)
(52, 57)
(100, 124)
(58, 67)
(29, 19)
(91, 70)
(53, 149)
(65, 116)
(26, 133)
(56, 73)
(36, 43)
(73, 66)
(28, 95)
(144, 176)
(56, 76)
(17, 17)
(90, 128)
(56, 76)
(66, 18)
(56, 76)
(34, 54)
(172, 20)
(95, 66)
(56, 76)
(56, 76)
(74, 183)
(46, 39)
(20, 123)
(56, 76)
(18, 154)
(67, 60)
(95, 66)
(114, 180)
(27, 30)
(56, 76)
(56, 76)
(21, 22)
(139, 182)
(40, 115)
(34, 31)
(34, 58)
(26, 65)
(28, 17)
(65, 59)
(55, 107)
(91, 63)
(39, 32)
(26, 66)
(40, 121)
(56, 76)
(56, 76)
(47, 45)
(56, 76)
(18, 133)
(56, 76)
(102, 78)
(25, 160)
(21, 75)
(43, 33)
(17, 32)
(61, 146)
(35, 37)
(130, 24)
(56, 76)
(83, 64)
(46, 46)
(171, 177)
(56, 76)
(56, 76)
(17, 90)
(75, 58)
(17, 30)
(99, 134)
(82, 67)
(139, 31)
(60, 24)
(56, 76)
(25, 90)
(56, 76)
(37, 30)
(77, 117)
(68, 59)
(88, 120)
(62, 179)
(120, 48)
(20, 86)
(127, 146)
(57, 117)
(27, 145)
(65, 21)
(77, 58)
(56, 76)
(65, 59)
(48, 111)
(52, 118)
(82, 66)
(22, 62)
(57, 109)
(56, 76)
(41, 31)
(24, 45)
(99, 72)
(102, 129)
(39, 61)
(150, 42)
(43, 40)
(70, 59)
(44, 124)
(17, 59)
(52, 36)
(125, 178)
(111, 170)
(112, 175)
(25, 17)
(28, 94)
(20, 50)
(47, 49)
(24, 49)
(44, 19)
(56, 76)
(65, 59)
(152, 161)
(29, 31)
(171, 20)
(41, 103)
(88, 65)
(61, 60)
(74, 57)
(65, 168)
(151, 29)
(61, 68)
(33, 156)
(51, 61)
(21, 63)
(49, 105)
(45, 22)
(68, 64)
(19, 20)
(19, 78)
(59, 28)
(183, 173)
(64, 111)
(62, 139)
(22, 179)
(29, 41)
(56, 76)
(56, 76)
(88, 65)
(46, 62)
(56, 76)
(56, 76)
(73, 66)
(40, 19)
(23, 125)
(61, 68)
(19, 31)
(18, 165)
(147, 153)
(99, 64)
(135, 156)
(73, 115)
(19, 49)
(67, 111)
(62, 118)
(56, 76)
(138, 146)
(25, 162)
(78, 60)
(73, 66)
(19, 78)
(113, 154)
(24, 142)
(169, 166)
(72, 65)
(28, 64)
(23, 92)
(168, 152)
(33, 145)
(92, 65)
(19, 107)
(170, 166)
(28, 110)
(68, 53)
(48, 175)
(126, 137)
(112, 42)
(23, 154)
(56, 24)
(56, 76)
(99, 60)
(69, 62)
(89, 65)
(45, 54)
(70, 122)
(58, 150)
(53, 66)
(22, 107)
(53, 123)
(41, 121)
(65, 168)
(56, 76)
(73, 66)
(84, 117)
(56, 76)
(113, 47)
(37, 182)
(56, 76)
(121, 137)
(102, 55)
(56, 76)
(115, 133)
(89, 65)
(33, 139)
(27, 101)
(61, 68)
(146, 167)
(70, 63)
(97, 72)
(131, 23)
(20, 50)
(96, 66)
(25, 64)
(96, 61)
(69, 57)
(62, 118)
(30, 98)
(27, 64)
(17, 42)
(19, 78)
(31, 29)
(126, 138)
(56, 76)
(120, 137)
(69, 64)
(56, 76)
(36, 177)
(119, 151)
(39, 17)
(47, 25)
(83, 120)
(103, 63)
(56, 76)
(21, 87)
(82, 127)
(56, 76)
(73, 66)
(53, 28)
(19, 53)
(118, 132)
(43, 18)
(170, 21)
(56, 76)
(66, 166)
(127, 38)
(122, 135)
(34, 24)
(53, 32)
(31, 17)
(72, 66)
(52, 31)
(58, 181)
(27, 29)
(140, 179)
(100, 70)
(113, 129)
(17, 44)
(76, 67)
(90, 63)
(30, 75)
(29, 19)
(59, 28)
(56, 76)
(164, 28)
(73, 66)
(85, 132)
(64, 136)
(57, 29)
(127, 135)
(122, 135)
(103, 55)
(65, 168)
(69, 61)
(31, 29)
(33, 37)
(26, 73)
(17, 90)
(56, 76)
(67, 60)
(129, 35)
(24, 78)
(51, 58)
(67, 167)
(150, 166)
(56, 76)
(44, 25)
(24, 181)
(56, 23)
(53, 69)
(56, 76)
(56, 76)
(30, 66)
(27, 64)
(56, 76)
(20, 177)
(59, 69)
(62, 19)
(71, 63)
(46, 17)
(24, 142)
(21, 43)
(123, 135)
(169, 168)
(25, 130)
(32, 59)
(68, 61)
(125, 48)
(50, 66)
(31, 41)
(56, 76)
(56, 76)
(69, 62)
(30, 86)
(30, 19)
(94, 63)
(71, 64)
(56, 76)
(23, 63)
(32, 168)
(88, 66)
(54, 71)
(73, 66)
(18, 131)
(32, 27)
(91, 63)
(74, 55)
(149, 17)
(148, 19)
(103, 77)
(27, 43)
(38, 49)
(20, 169)
(18, 103)
(36, 47)
(64, 19)
(20, 17)
(79, 123)
(167, 161)
(73, 66)
(26, 17)
(31, 180)
(56, 76)
(32, 128)
(151, 51)
(166, 24)
(40, 109)
(146, 165)
(24, 101)
(64, 19)
(26, 135)
(103, 79)
(73, 64)
(56, 76)
(51, 17)
(55, 18)
(45, 183)
(20, 178)
(135, 170)
(121, 144)
(56, 76)
(76, 154)
(72, 57)
(129, 35)
(108, 127)
(56, 31)
(61, 63)
(56, 76)
(67, 60)
(56, 76)
(63, 23)
(68, 61)
(26, 21)
(53, 65)
(57, 169)
(33, 73)
(56, 76)
(59, 115)
(153, 20)
(102, 78)
(56, 76)
(23, 29)
(117, 160)
(97, 58)
(170, 165)
(45, 21)
(64, 64)
(17, 28)
(56, 76)
(56, 76)
(95, 128)
(24, 43)
(56, 76)
(66, 60)
(72, 178)
(56, 76)
(121, 137)
(119, 57)
(64, 63)
(57, 69)
(191, 170)
(29, 84)
(18, 156)
(40, 51)
(106, 172)
(22, 79)
(17, 78)
(46, 34)
(28, 123)
(56, 76)
(102, 181)
(87, 181)
(73, 66)
(20, 25)
(18, 122)
(73, 60)
(79, 65)
(51, 19)
(23, 100)
(43, 123)
(97, 63)
(56, 76)
(67, 63)
(91, 64)
(56, 76)
(53, 35)
(56, 76)
(19, 83)
(63, 112)
(24, 142)
(41, 44)
(25, 28)
(56, 76)
(64, 59)
(29, 25)
(56, 76)
(66, 60)
(30, 19)
(17, 56)
(133, 145)
(57, 71)
(41, 113)
(103, 79)
(78, 127)
(31, 67)
(91, 65)
(68, 61)
(56, 76)
(31, 80)
(109, 131)
(34, 164)
(161, 183)
(32, 53)
(67, 57)
(56, 76)
(27, 62)
(53, 70)
(56, 76)
(75, 113)
(26, 26)
(73, 66)
(48, 23)
(24, 81)
(101, 70)
(160, 45)
(26, 85)
(69, 55)
(56, 76)
(68, 61)
(24, 64)
(94, 63)
(114, 41)
(39, 22)
(28, 47)
(131, 47)
(72, 54)
(65, 59)
(69, 64)
(17, 83)
(44, 19)
(81, 65)
(31, 92)
(50, 36)
(44, 17)
(56, 76)
(52, 138)
(46, 54)
(30, 122)
(56, 76)
(86, 67)
(88, 139)
(20, 55)
(72, 65)
(56, 76)
(92, 69)
(65, 17)
(108, 133)
(187, 169)
(40, 109)
(39, 178)
(17, 31)
(49, 20)
(52, 70)
(48, 36)
(166, 17)
(25, 17)
(90, 125)
(17, 170)
(40, 38)
(93, 62)
(73, 66)
(27, 140)
(56, 76)
(56, 76)
(61, 63)
(19, 54)
(68, 61)
(34, 50)
(38, 22)
(71, 65)
(74, 55)
(29, 46)
(47, 33)
(59, 17)
(17, 105)
(17, 26)
(102, 73)
(56, 76)
(45, 19)
(33, 81)
(18, 131)
(56, 76)
(38, 56)
(56, 76)
(56, 26)
(56, 76)
(137, 43)
(56, 76)
(19, 52)
(18, 35)
(98, 137)
(52, 17)
(21, 71)
(29, 53)
(28, 36)
(18, 153)
(56, 76)
(64, 59)
(62, 146)
(56, 76)
(24, 175)
(91, 63)
(19, 47)
(82, 68)
(20, 101)
(17, 49)
(38, 26)
(38, 22)
(54, 68)
(26, 60)
(68, 60)
(72, 65)
(24, 20)
(30, 20)
(56, 76)
(17, 30)
(33, 46)
(44, 34)
(80, 177)
(23, 124)
(68, 58)
(82, 64)
(64, 64)
(77, 58)
(89, 71)
(65, 59)
(45, 50)
(88, 70)
(56, 76)
(86, 67)
(22, 78)
(73, 57)
(34, 45)
(95, 74)
(73, 65)
(18, 66)
(54, 68)
(100, 60)
(72, 63)
(67, 17)
(17, 17)
(163, 160)
(87, 68)
(71, 59)
(36, 23)
(62, 63)
(17, 76)
(56, 76)
(45, 175)
(144, 51)
(17, 39)
(20, 106)
(32, 180)
(105, 79)
(107, 158)
(17, 32)
(56, 76)
(72, 65)
(70, 63)
(56, 76)
(32, 83)
(71, 63)
(50, 26)
(56, 76)
(70, 55)
(20, 98)
(52, 42)
(36, 26)
(26, 27)
(74, 125)
(32, 66)
(66, 60)
(149, 181)
(168, 23)
(22, 60)
(20, 65)
(56, 76)
(18, 20)
(45, 27)
(19, 88)
(68, 61)
(27, 114)
(137, 140)
(63, 61)
(102, 57)
(56, 76)
(20, 85)
(88, 69)
(56, 76)
(72, 65)
(56, 76)
(27, 141)
(56, 76)
(82, 63)
(64, 64)
(56, 76)
(17, 84)
(56, 76)
(70, 62)
(28, 53)
(91, 65)
(17, 74)
(48, 183)
(59, 70)
(56, 76)
(116, 54)
(53, 22)
(43, 18)
(75, 124)
(53, 63)
(56, 76)
(23, 63)
(44, 28)
(46, 175)
(38, 50)
(18, 30)
(17, 64)
(64, 63)
(65, 59)
(73, 66)
(23, 58)
(38, 115)
(70, 62)
(68, 55)
(17, 29)
(51, 58)
(33, 72)
(55, 17)
(37, 52)
(20, 45)
(17, 70)
(18, 90)
(30, 52)
(51, 63)
(68, 59)
(52, 57)
(18, 42)
(25, 87)
(17, 35)
(63, 58)
(21, 55)
(25, 71)
(77, 59)
(49, 17)
(47, 37)
(40, 41)
(174, 171)
(71, 120)
(17, 36)
(21, 73)
(17, 70)
(17, 28)
(20, 53)
(19, 22)
(22, 33)
(56, 76)
(25, 87)
(17, 170)
(17, 135)
(83, 70)
(20, 17)
(56, 76)
(56, 76)
(17, 99)
(17, 38)
(25, 74)
(67, 60)
(56, 76)
(56, 76)
(18, 87)
(17, 65)
(54, 71)
(27, 21)
(57, 143)
(31, 52)
(17, 76)
(80, 123)
(117, 49)
(56, 76)
(44, 101)
(18, 66)
(45, 33)
(70, 52)
(19, 118)
(56, 76)
(31, 36)
(23, 101)
(50, 183)
(56, 19)
(30, 70)
(19, 51)
(17, 122)
(32, 147)
(56, 76)
(63, 58)
(30, 169)
(23, 57)
(25, 25)
(73, 58)
(56, 76)
(36, 19)
(25, 30)
(42, 100)
(56, 76)
(23, 78)
(91, 63)
(102, 74)
(56, 20)
(53, 70)
(43, 39)
(38, 112)
(53, 181)
(17, 167)
(103, 78)
(158, 152)
(30, 50)
(70, 59)
(18, 114)
(24, 170)
(41, 154)
(18, 35)
(26, 149)
(53, 177)
(41, 32)
(64, 19)
(56, 76)
(56, 76)
(18, 76)
(21, 95)
(31, 22)
(18, 131)
(17, 54)
(204, 183)
(53, 60)
(56, 76)
(65, 21)
(72, 65)
(20, 85)
(51, 68)
(28, 42)
(204, 183)
(62, 140)
(88, 70)
(19, 32)
(21, 18)
(56, 76)
(56, 28)
(68, 59)
(89, 72)
(150, 164)
(46, 121)
(18, 120)
(25, 36)
(25, 78)
(56, 76)
(44, 46)
(68, 61)
(45, 24)
(94, 62)
(20, 69)
(56, 76)
(73, 54)
(64, 58)
(51, 57)
(59, 17)
(53, 66)
(30, 72)
(24, 94)
(29, 46)
(49, 47)
(59, 28)
(56, 76)
(91, 69)
(33, 61)
(28, 56)
(56, 76)
(58, 21)
(39, 20)
(29, 51)
(56, 76)
(43, 18)
(45, 19)
(92, 154)
(56, 76)
(24, 46)
(102, 57)
(57, 71)
(56, 76)
(67, 113)
(63, 17)
(84, 137)
(19, 117)
(46, 18)
(72, 66)
(91, 64)
(40, 51)
(18, 41)
(56, 76)
(52, 17)
(42, 43)
(64, 65)
(34, 62)
(51, 17)
(34, 18)
(71, 148)
(33, 78)
(49, 59)
(44, 19)
(46, 37)
(18, 114)
(56, 76)
(50, 56)
(115, 135)
(25, 17)
(56, 76)
(52, 17)
(24, 19)
(162, 20)
(53, 54)
(56, 76)
(17, 36)
(17, 76)
(19, 38)
(150, 71)
(94, 63)
(92, 63)
(30, 93)
(73, 66)
(46, 56)
(63, 64)
(90, 67)
(83, 67)
(72, 65)
(56, 76)
(35, 58)
(72, 65)
(38, 112)
(89, 71)
(127, 38)
(50, 68)
(28, 64)
(88, 70)
(33, 93)
(64, 145)
(51, 58)
(70, 60)
(88, 70)
(56, 76)
(34, 33)
(30, 137)
(52, 17)
(160, 179)
(20, 94)
(50, 183)
(31, 46)
(61, 60)
(17, 87)
(45, 43)
(18, 131)
(88, 73)
(56, 76)
(69, 61)
(29, 90)
(73, 66)
(22, 24)
(56, 76)
(23, 150)
(32, 53)
(56, 76)
(56, 76)
(50, 22)
(46, 34)
(88, 121)
(90, 71)
(27, 55)
(56, 76)
(56, 76)
(56, 76)
(74, 67)
(42, 17)
(27, 17)
(56, 76)
(91, 63)
(56, 76)
(22, 34)
(19, 37)
(25, 71)
(68, 61)
(97, 170)
(96, 76)
(60, 68)
(69, 61)
(55, 26)
(19, 33)
(24, 30)
(38, 41)
(95, 71)
(19, 67)
(57, 19)
(39, 174)
(40, 49)
(100, 72)
(103, 77)
(63, 58)
(18, 89)
(56, 76)
(51, 43)
(29, 39)
(49, 61)
(59, 17)
(49, 128)
(28, 54)
(57, 138)
(40, 42)
(74, 61)
(26, 25)
(20, 51)
(28, 167)
(181, 171)
(36, 49)
(70, 17)
(56, 76)
(17, 21)
(63, 58)
(71, 63)
(17, 104)
(56, 76)
(73, 66)
(61, 20)
(50, 21)
(59, 26)
(68, 53)
(48, 66)
(20, 48)
(35, 110)
(98, 71)
(166, 36)
(56, 76)
(31, 83)
(91, 65)
(63, 59)
(70, 54)
(95, 71)
(28, 44)
(33, 19)
(49, 19)
(56, 76)
(50, 30)
(33, 92)
(98, 71)
(124, 136)
(33, 34)
(105, 79)
(90, 68)
(56, 18)
(45, 30)
(73, 66)
(72, 65)
(100, 74)
(135, 18)
(144, 151)
(120, 59)
(93, 183)
(17, 51)
(47, 65)
(56, 76)
(18, 106)
(100, 70)
(69, 164)
(17, 46)
(18, 56)
(63, 58)
(41, 17)
(64, 22)
(83, 64)
(18, 88)
(86, 68)
(51, 19)
(95, 71)
(25, 92)
(43, 43)
(53, 30)
(89, 64)
(23, 170)
(28, 60)
(62, 65)
(73, 66)
(56, 76)
(44, 63)
(24, 20)
(56, 76)
(56, 76)
(63, 17)
(71, 64)
(77, 117)
(98, 69)
(56, 76)
(19, 62)
(67, 143)
(40, 111)
(18, 181)
(17, 58)
(54, 68)
(17, 98)
(23, 157)
(40, 19)
(56, 76)
(39, 24)
(19, 35)
(100, 78)
(64, 17)
(56, 76)
(26, 38)
(43, 40)
(53, 57)
(45, 27)
(31, 35)
(18, 32)
(65, 18)
(40, 18)
(19, 18)
(83, 69)
(47, 19)
(105, 80)
(41, 30)
(20, 153)
(22, 18)
(65, 64)
(91, 65)
(21, 179)
(17, 22)
(22, 56)
(51, 43)
(24, 64)
(36, 31)
(72, 65)
(56, 76)
(65, 19)
(24, 170)
(36, 22)
(56, 76)
(89, 66)
(56, 76)
(23, 51)
(40, 52)
(160, 178)
(91, 66)
(38, 47)
(49, 130)
(88, 70)
(38, 60)
(114, 141)
(41, 139)
(56, 76)
(17, 36)
(20, 50)
(22, 143)
(92, 63)
(17, 123)
(75, 57)
(73, 66)
(56, 76)
(22, 64)
(56, 76)
(23, 137)
(51, 60)
(75, 62)
(56, 76)
(65, 62)
(52, 20)
(29, 24)
(41, 23)
(56, 76)
(56, 76)
(54, 68)
(41, 30)
(52, 110)
(21, 48)
(56, 28)
(88, 174)
(65, 22)
(63, 145)
(33, 70)
(98, 69)
(33, 23)
(56, 17)
(49, 22)
(47, 59)
(69, 124)
(56, 76)
(68, 61)
(43, 17)
(56, 76)
(17, 33)
(36, 103)
(56, 76)
(31, 18)
(47, 136)
(51, 17)
(67, 18)
(56, 76)
(34, 36)
(56, 76)
(67, 60)
(20, 51)
(46, 62)
(90, 65)
(70, 54)
(62, 165)
(88, 122)
(18, 32)
(56, 76)
(32, 17)
(56, 76)
(55, 69)
(85, 70)
(56, 76)
(56, 76)
(38, 55)
(74, 67)
(70, 17)
(18, 42)
(96, 76)
(21, 69)
(17, 58)
(26, 67)
(36, 27)
(56, 76)
(29, 39)
(56, 76)
(24, 112)
(36, 55)
(72, 54)
(24, 44)
(19, 62)
(17, 126)
(23, 75)
(32, 30)
(72, 65)
(56, 76)
(34, 51)
(17, 37)
(21, 32)
(29, 55)
(49, 58)
(158, 32)
(72, 65)
(21, 81)
(59, 17)
(29, 24)
(30, 44)
(51, 22)
(31, 20)
(69, 61)
(23, 17)
(88, 70)
(22, 74)
(26, 56)
(40, 38)
(224, 176)
(19, 76)
(36, 58)
(69, 53)
(33, 44)
(90, 72)
(17, 47)
(17, 77)
(32, 86)
(27, 46)
(49, 28)
(48, 45)
(26, 54)
(47, 38)
(42, 19)
(17, 22)
(46, 40)
(24, 56)
(173, 182)
(116, 44)
(172, 157)
(53, 28)
(36, 32)
(18, 29)
(70, 63)
(56, 76)
(33, 171)
(26, 70)
(56, 76)
(17, 74)
(56, 76)
(43, 27)
(56, 76)
(21, 59)
(30, 169)
(39, 55)
(31, 73)
(44, 53)
(67, 18)
(56, 76)
(56, 76)
(37, 142)
(55, 67)
(32, 52)
(18, 66)
(27, 31)
(50, 103)
(22, 40)
(24, 56)
(75, 158)
(101, 64)
(22, 51)
(77, 183)
(92, 65)
(94, 61)
(39, 47)
(28, 50)
(56, 76)
(37, 48)
(36, 43)
(32, 17)
(71, 64)
(180, 170)
(27, 141)
(21, 74)
(27, 95)
(71, 63)
(19, 76)
(22, 174)
(46, 65)
(54, 68)
(56, 66)
(26, 48)
(24, 55)
(24, 90)
(30, 180)
(56, 76)
(23, 26)
(18, 44)
(28, 19)
(24, 56)
(56, 76)
(21, 31)
(95, 73)
(164, 171)
(56, 76)
(40, 51)
(64, 157)
(26, 61)
(51, 63)
(90, 73)
(24, 153)
(64, 59)
(52, 69)
(25, 50)
(71, 64)
(18, 70)
(114, 140)
(29, 58)
(70, 58)
(90, 63)
(56, 76)
(43, 26)
(49, 34)
(69, 61)
(73, 66)
(24, 108)
(48, 17)
(53, 52)
(91, 70)
(56, 76)
(99, 75)
(19, 177)
(39, 101)
(17, 97)
(46, 62)
(50, 180)
(48, 139)
(28, 117)
(69, 18)
(96, 66)
(25, 58)
(61, 26)
(56, 76)
(27, 77)
(36, 130)
(78, 67)
(56, 76)
(19, 113)
(24, 138)
(65, 59)
(99, 57)
(138, 46)
(31, 88)
(65, 22)
(17, 165)
(56, 76)
(72, 66)
(24, 28)
(70, 59)
(64, 65)
(21, 65)
(56, 76)
(39, 27)
(44, 26)
(17, 25)
(56, 76)
(17, 21)
(55, 143)
(56, 76)
(25, 53)
(73, 66)
(58, 18)
(23, 77)
(56, 76)
(17, 123)
(17, 46)
(32, 63)
(57, 23)
(30, 85)
(30, 88)
(72, 60)
(17, 21)
(33, 36)
(63, 22)
(61, 164)
(63, 58)
(56, 76)
(23, 107)
(73, 58)
(56, 76)
(21, 27)
(54, 68)
(32, 109)
(28, 44)
(56, 76)
(69, 64)
(42, 113)
(25, 61)
(56, 76)
(20, 51)
(140, 173)
(21, 30)
(71, 130)
(31, 70)
(65, 117)
(63, 58)
(40, 23)
(56, 76)
(56, 76)
(61, 20)
(39, 21)
(22, 83)
(151, 45)
(39, 47)
(30, 70)
(56, 76)
(20, 59)
(56, 76)
(25, 66)
(18, 35)
(101, 71)
(37, 33)
(55, 28)
(87, 69)
(28, 76)
(106, 137)
(18, 54)
(103, 68)
(29, 24)
(43, 124)
(56, 76)
(72, 65)
(40, 19)
(23, 35)
(71, 64)
(27, 54)
(17, 30)
(71, 63)
(19, 50)
(18, 78)
(23, 17)
(39, 19)
(53, 57)
(17, 32)
(28, 136)
(17, 80)
(32, 55)
(79, 65)
(43, 66)
(17, 34)
(89, 71)
(113, 167)
(56, 76)
(56, 76)
(38, 19)
(39, 25)
(68, 61)
(140, 18)
(26, 61)
(98, 74)
(114, 140)
(25, 27)
(52, 57)
(38, 41)
(17, 33)
(56, 76)
(55, 20)
(60, 19)
(56, 76)
(41, 39)
(20, 71)
(22, 60)
(92, 69)
(114, 141)
(17, 79)
(38, 114)
(62, 66)
(114, 140)
(56, 76)
(19, 64)
(53, 58)
(56, 76)
(19, 106)
(18, 89)
(24, 51)
(24, 55)
(53, 64)
(64, 17)
(30, 70)
(68, 18)
(68, 61)
(71, 61)
(32, 85)
(57, 71)
(31, 50)
(164, 88)
(37, 17)
(39, 34)
(59, 27)
(128, 29)
(17, 27)
(19, 57)
(69, 61)
(30, 54)
(17, 52)
(31, 47)
(70, 17)
(66, 55)
(20, 73)
(30, 169)
(92, 74)
(56, 18)
(19, 113)
(56, 76)
(56, 76)
(25, 30)
(56, 134)
(117, 52)
(19, 62)
(57, 67)
(70, 63)
(73, 66)
(30, 166)
(21, 20)
(17, 122)
(30, 180)
(18, 128)
(56, 76)
(29, 60)
(33, 38)
(162, 25)
(35, 22)
(56, 76)
(36, 179)
(60, 18)
(56, 76)
(56, 76)
(17, 35)
(56, 76)
(37, 53)
(56, 76)
(19, 24)
(103, 66)
(17, 47)
(17, 19)
(45, 62)
(26, 37)
(29, 50)
(56, 76)
(84, 67)
(65, 59)
(22, 60)
(54, 67)
(24, 165)
(56, 76)
(56, 76)
(29, 25)
(56, 76)
(23, 17)
(55, 29)
(114, 140)
(25, 53)
(82, 63)
(116, 134)
(30, 24)
(38, 47)
(46, 19)
(56, 76)
(139, 40)
(96, 58)
(56, 76)
(56, 76)
(23, 17)
(46, 19)
(23, 72)
(31, 38)
(44, 27)
(53, 17)
(40, 181)
(50, 57)
(44, 102)
(41, 66)
(48, 58)
(19, 35)
(56, 111)
(21, 38)
(114, 140)
(17, 34)
(54, 25)
(56, 76)
(54, 19)
(69, 18)
(21, 38)
(34, 29)
(36, 43)
(67, 58)
(56, 76)
(56, 76)
(28, 25)
(31, 168)
(62, 20)
(73, 66)
(17, 28)
(32, 56)
(90, 68)
(84, 65)
(56, 76)
(72, 66)
(70, 59)
(56, 76)
(73, 66)
(56, 70)
(23, 176)
(24, 139)
(31, 46)
(78, 65)
(53, 23)
(34, 54)
(139, 20)
(42, 27)
(33, 83)
(17, 66)
(19, 36)
(56, 76)
(134, 20)
(17, 60)
(17, 26)
(56, 76)
(56, 76)
(53, 19)
(56, 76)
(25, 138)
(53, 32)
(27, 45)
(67, 119)
(57, 19)
(28, 38)
(29, 100)
(50, 62)
(24, 53)
(57, 23)
(17, 80)
(22, 27)
(39, 24)
(36, 22)
(27, 45)
(19, 50)
(136, 168)
(30, 24)
(74, 118)
(24, 114)
(19, 35)
(69, 62)
(44, 55)
(67, 123)
(42, 17)
(73, 66)
(19, 80)
(103, 62)
(23, 43)
(25, 45)
(56, 76)
(50, 20)
(33, 18)
(19, 37)
(50, 19)
(20, 52)
(23, 44)
(36, 40)
(18, 59)
(20, 31)
(61, 25)
(50, 24)
(41, 44)
(44, 63)
(33, 75)
(24, 28)
(64, 23)
(72, 66)
(67, 19)
(33, 78)
(99, 67)
(46, 43)
(56, 76)
(24, 34)
(23, 176)
(18, 50)
(34, 25)
(42, 65)
(48, 67)
(97, 74)
(24, 46)
(43, 19)
(89, 72)
(20, 68)
(53, 21)
(56, 76)
(31, 49)
(40, 57)
(56, 76)
(56, 76)
(21, 88)
(33, 49)
(34, 165)
(52, 55)
(40, 19)
(50, 27)
(42, 44)
(49, 56)
(38, 60)
(61, 174)
(45, 25)
(34, 48)
(56, 76)
(25, 75)
(20, 76)
(56, 76)
(57, 181)
(46, 17)
(32, 80)
(100, 73)
(56, 76)
(56, 76)
(29, 76)
(20, 17)
(52, 35)
(20, 168)
(21, 68)
(33, 101)
(56, 76)
(56, 76)
(36, 169)
(24, 40)
(56, 76)
(56, 76)
(24, 54)
(118, 52)
(31, 70)
(91, 63)
(23, 28)
(37, 60)
(69, 57)
(17, 35)
(56, 76)
(58, 176)
(56, 76)
(34, 52)
(71, 63)
(46, 19)
(60, 27)
(29, 17)
(48, 43)
(20, 151)
(101, 78)
(22, 24)
(23, 180)
(65, 21)
(56, 76)
(54, 24)
(27, 17)
(33, 22)
(17, 28)
(114, 53)
(114, 167)
(19, 56)
(28, 79)
(62, 24)
(18, 65)
(60, 17)
(23, 55)
(53, 37)
(32, 20)
(31, 79)
(73, 66)
(56, 76)
(56, 76)
(70, 64)
(138, 30)
(56, 76)
(20, 30)
(18, 54)
(53, 61)
(169, 22)
(53, 40)
(55, 69)
(64, 58)
(37, 61)
(48, 33)
(65, 59)
(67, 63)
(97, 58)
(30, 20)
(17, 66)
(73, 65)
(31, 17)
(58, 28)
(56, 76)
(40, 52)
(58, 17)
(19, 40)
(56, 76)
(19, 86)
(66, 60)
(27, 142)
(31, 76)
(53, 52)
(22, 26)
(95, 74)
(56, 76)
(167, 33)
(53, 45)
(64, 58)
(32, 82)
(100, 68)
(23, 119)
(17, 113)
(36, 141)
(58, 71)
(135, 142)
(17, 34)
(56, 76)
(34, 35)
(51, 108)
(25, 51)
(56, 76)
(93, 71)
(25, 75)
(73, 66)
(56, 76)
(31, 79)
(33, 93)
(28, 39)
(27, 29)
(56, 76)
(91, 74)
(29, 68)
(56, 76)
(38, 24)
(56, 76)
(54, 72)
(99, 58)
(66, 57)
(53, 64)
(32, 56)
(55, 71)
(18, 54)
(26, 59)
(51, 61)
(24, 45)
(62, 19)
(71, 64)
(49, 29)
(56, 76)
(101, 78)
(65, 59)
(18, 34)
(20, 63)
(17, 56)
(56, 76)
(26, 49)
(68, 19)
(56, 76)
(38, 54)
(54, 17)
(56, 76)
(26, 52)
(66, 61)
(73, 62)
(36, 56)
(20, 35)
(56, 76)
(56, 76)
(56, 76)
(81, 70)
(34, 32)
(80, 66)
(56, 76)
(56, 76)
(20, 26)
(36, 22)
(64, 58)
(72, 66)
(56, 76)
(141, 21)
(61, 68)
(103, 79)
(47, 170)
(24, 25)
(17, 108)
(56, 76)
(73, 66)
(56, 76)
(56, 76)
(19, 34)
(18, 37)
(17, 66)
(39, 28)
(26, 34)
(56, 76)
(56, 76)
(19, 44)
(24, 61)
(17, 148)
(51, 50)
(69, 159)
(17, 35)
(34, 22)
(17, 20)
(56, 76)
(101, 58)
(24, 29)
(33, 79)
(17, 18)
(31, 24)
(73, 54)
(27, 44)
(55, 132)
(49, 65)
(21, 59)
(19, 63)
(24, 86)
(70, 62)
(56, 76)
(151, 147)
(115, 45)
(21, 45)
(27, 45)
(56, 76)
(57, 67)
(64, 58)
(56, 76)
(56, 76)
(43, 52)
(56, 76)
(17, 37)
(56, 76)
(23, 28)
(103, 60)
(83, 67)
(100, 72)
(23, 23)
(38, 45)
(82, 70)
(73, 66)
(56, 76)
(17, 58)
(58, 20)
(56, 76)
(60, 17)
(26, 46)
(32, 18)
(17, 48)
(56, 76)
(21, 100)
(17, 34)
(45, 59)
(56, 76)
(17, 136)
(18, 73)
(57, 67)
(56, 76)
(56, 76)
(30, 47)
(63, 18)
(20, 30)
(101, 66)
(56, 76)
(56, 27)
(56, 76)
(17, 57)
(22, 80)
(96, 73)
(56, 76)
(26, 52)
(20, 71)
(104, 129)
(84, 69)
(21, 71)
(56, 76)
(35, 22)
(56, 76)
(56, 76)
(56, 76)
(21, 114)
(139, 42)
(59, 20)
(30, 62)
(35, 98)
(61, 115)
(70, 65)
(56, 76)
(68, 61)
(50, 30)
(42, 30)
(88, 72)
(64, 58)
(48, 30)
(79, 66)
(99, 54)
(91, 64)
(22, 127)
(43, 19)
(33, 18)
(26, 52)
(56, 76)
(32, 68)
(21, 17)
(56, 76)
(104, 79)
(69, 62)
(27, 86)
(22, 17)
(28, 167)
(23, 21)
(29, 64)
(145, 55)
(29, 18)
(56, 76)
(23, 56)
(56, 76)
(52, 38)
(17, 66)
(52, 58)
(30, 83)
(28, 47)
(49, 159)
(48, 27)
(30, 143)
(31, 60)
(52, 34)
(100, 68)
(86, 67)
(55, 18)
(64, 57)
(88, 72)
(56, 76)
(24, 122)
(56, 76)
(42, 26)
(21, 40)
(68, 140)
(104, 129)
(45, 28)
(56, 76)
(52, 57)
(66, 60)
(19, 70)
(56, 76)
(99, 65)
(29, 51)
(74, 60)
(56, 76)
(31, 22)
(20, 31)
(20, 102)
(65, 59)
(20, 32)
(67, 64)
(61, 22)
(47, 29)
(18, 33)
(48, 54)
(23, 73)
(56, 76)
(56, 76)
(56, 76)
(20, 42)
(38, 18)
(56, 29)
(56, 76)
(21, 117)
(44, 29)
(63, 58)
(56, 76)
(25, 26)
(33, 56)
(42, 183)
(17, 50)
(56, 76)
(56, 76)
(43, 18)
(34, 182)
(63, 58)
(19, 17)
(56, 76)
(48, 51)
(17, 56)
(23, 101)
(56, 76)
(33, 22)
(17, 61)
(34, 49)
(56, 76)
(18, 32)
(56, 76)
(50, 35)
(20, 31)
(91, 62)
(56, 76)
(17, 31)
(31, 68)
(18, 66)
(47, 31)
(61, 67)
(56, 76)
(44, 21)
(55, 66)
(41, 18)
(27, 102)
(44, 19)
(42, 26)
(56, 76)
(39, 20)
(36, 31)
(29, 60)
(63, 58)
(32, 111)
(66, 19)
(121, 139)
(56, 76)
(100, 73)
(73, 66)
(56, 76)
(75, 67)
(48, 53)
(57, 25)
(22, 57)
(54, 69)
(63, 58)
(37, 22)
(102, 70)
(56, 76)
(82, 64)
(56, 76)
(21, 20)
(104, 77)
(37, 17)
(76, 59)
(98, 71)
(19, 125)
(56, 76)
(22, 29)
(56, 76)
(99, 71)
(19, 179)
(56, 76)
(139, 20)
(56, 76)
(84, 67)
(71, 63)
(51, 58)
(24, 54)
(56, 76)
(56, 76)
(44, 17)
(40, 21)
(20, 26)
(48, 17)
(56, 76)
(19, 28)
(56, 76)
(20, 32)
(86, 128)
(28, 18)
(21, 37)
(100, 76)
(84, 70)
(56, 76)
(17, 36)
(46, 64)
(26, 75)
(56, 76)
(38, 38)
(37, 31)
(56, 76)
(50, 63)
(56, 76)
(19, 48)
(61, 17)
(73, 66)
(56, 76)
(41, 17)
(57, 126)
(96, 60)
(23, 55)
(18, 33)
(39, 26)
(56, 76)
(101, 60)
(23, 56)
(62, 18)
(65, 59)
(50, 104)
(56, 76)
(56, 76)
(20, 31)
(56, 76)
(56, 76)
(21, 58)
(29, 25)
(56, 76)
(55, 21)
(21, 52)
(118, 53)
(54, 71)
(56, 76)
(29, 57)
(18, 78)
(24, 55)
(25, 28)
(56, 76)
(75, 129)
(27, 54)
(56, 76)
(20, 46)
(20, 49)
(56, 76)
(43, 135)
(43, 48)
(103, 56)
(169, 32)
(41, 19)
(69, 63)
(56, 76)
(18, 49)
(52, 38)
(25, 108)
(25, 173)
(43, 66)
(30, 83)
(174, 157)
(89, 73)
(28, 18)
(37, 61)
(54, 71)
(17, 34)
(25, 26)
(24, 55)
(57, 17)
(23, 44)
(73, 137)
(52, 38)
(21, 154)
(20, 107)
(23, 22)
(63, 58)
(46, 20)
(98, 74)
(54, 29)
(36, 22)
(20, 62)
(53, 34)
(103, 79)
(31, 70)
(25, 42)
(17, 25)
(27, 59)
(21, 66)
(47, 28)
(56, 76)
(34, 44)
(26, 121)
(56, 21)
(17, 116)
(64, 21)
(56, 76)
(24, 101)
(17, 131)
(17, 18)
(62, 155)
(63, 58)
(25, 120)
(42, 26)
(26, 53)
(17, 35)
(166, 20)
(63, 17)
(17, 50)
(23, 56)
(17, 107)
(22, 32)
(56, 76)
(57, 176)
(50, 69)
(70, 63)
(71, 64)
(71, 64)
(46, 178)
(56, 76)
(57, 18)
(39, 53)
(47, 182)
(24, 27)
(56, 18)
(54, 72)
(61, 62)
(56, 73)
(56, 76)
(86, 70)
(30, 51)
(76, 154)
(91, 65)
(26, 31)
(18, 49)
(20, 61)
(22, 66)
(42, 61)
(56, 76)
(51, 21)
(56, 76)
(66, 60)
(71, 56)
(29, 45)
(35, 26)
(32, 114)
(44, 27)
(79, 164)
(30, 67)
(28, 103)
(43, 35)
(88, 69)
(56, 76)
(82, 63)
(18, 28)
(43, 52)
(45, 56)
(61, 68)
(100, 76)
(43, 24)
(29, 79)
(56, 76)
(21, 146)
(17, 34)
(41, 183)
(81, 161)
(52, 26)
(68, 18)
(55, 27)
(69, 54)
(28, 22)
(56, 76)
(29, 35)
(17, 81)
(56, 76)
(37, 65)
(37, 48)
(149, 148)
(53, 66)
(56, 76)
(56, 76)
(24, 33)
(64, 58)
(71, 63)
(56, 76)
(76, 148)
(56, 76)
(17, 25)
(56, 76)
(82, 68)
(56, 76)
(56, 76)
(52, 36)
(17, 134)
(51, 112)
(17, 137)
(19, 21)
(56, 76)
(66, 60)
(17, 33)
(56, 76)
(118, 180)
(63, 19)
(56, 76)
(37, 24)
(65, 19)
(56, 76)
(17, 21)
(56, 76)
(47, 64)
(102, 72)
(29, 51)
(56, 76)
(98, 71)
(70, 65)
(28, 95)
(24, 23)
(25, 19)
(20, 56)
(33, 93)
(72, 66)
(62, 20)
(56, 65)
(67, 60)
(17, 59)
(32, 69)
(19, 35)
(68, 18)
(45, 59)
(28, 18)
(68, 59)
(56, 76)
(23, 106)
(24, 101)
(61, 25)
(64, 58)
(23, 19)
(31, 24)
(27, 182)
(35, 97)
(91, 65)
(89, 70)
(19, 76)
(97, 63)
(102, 78)
(26, 64)
(18, 59)
(47, 63)
(68, 61)
(47, 160)
(17, 34)
(37, 65)
(40, 23)
(64, 19)
(73, 66)
(19, 175)
(56, 76)
(50, 19)
(81, 150)
(73, 66)
(42, 55)
(20, 77)
(56, 76)
(23, 69)
(21, 31)
(132, 139)
(90, 69)
(55, 72)
(23, 17)
(64, 19)
(68, 61)
(39, 31)
(23, 56)
(102, 57)
(65, 59)
(21, 31)
(23, 73)
(28, 58)
(49, 37)
(19, 23)
(126, 28)
(21, 31)
(48, 19)
(24, 45)
(17, 25)
(56, 76)
(17, 91)
(18, 34)
(33, 68)
(71, 63)
(17, 33)
(62, 18)
(42, 26)
(40, 19)
(65, 59)
(56, 76)
(97, 67)
(32, 105)
(72, 65)
(23, 60)
(17, 71)
(47, 26)
(56, 76)
(18, 61)
(100, 60)
(26, 108)
(18, 29)
(56, 76)
(57, 18)
(59, 20)
(57, 26)
(21, 31)
(56, 73)
(69, 62)
(64, 23)
(56, 76)
(47, 26)
(90, 66)
(56, 76)
(56, 76)
(21, 27)
(22, 82)
(54, 28)
(29, 17)
(23, 55)
(88, 65)
(158, 30)
(17, 37)
(56, 76)
(56, 76)
(92, 63)
(56, 76)
(24, 60)
(41, 20)
(23, 30)
(101, 68)
(51, 56)
(56, 76)
(47, 19)
(56, 76)
(18, 66)
(22, 73)
(23, 27)
(23, 20)
(56, 76)
(70, 52)
(170, 90)
(115, 143)
(83, 128)
(17, 50)
(19, 105)
(42, 52)
(88, 69)
(56, 76)
(20, 31)
(98, 71)
(51, 107)
(56, 106)
(18, 22)
(56, 76)
(41, 152)
(71, 64)
(56, 76)
(50, 40)
(61, 17)
(100, 74)
(29, 54)
(61, 182)
(34, 22)
(56, 76)
(56, 76)
(56, 76)
(21, 51)
(129, 26)
(90, 72)
(39, 136)
(33, 17)
(68, 19)
(34, 60)
(41, 60)
(56, 76)
(20, 55)
(28, 68)
(70, 172)
(56, 76)
(19, 41)
(56, 76)
(80, 68)
(20, 24)
(52, 62)
(66, 56)
(53, 59)
(70, 63)
(56, 76)
(31, 24)
(26, 102)
(56, 76)
(25, 23)
(31, 83)
(17, 59)
(74, 55)
(56, 76)
(17, 65)
(17, 18)
(30, 70)
(75, 56)
(100, 74)
(56, 19)
(18, 84)
(56, 76)
(18, 48)
(20, 62)
(22, 159)
(154, 21)
(25, 30)
(26, 54)
(22, 22)
(115, 134)
(56, 76)
(56, 76)
(60, 17)
(40, 46)
(31, 18)
(56, 76)
(18, 65)
(34, 150)
(17, 39)
(36, 146)
(160, 179)
(56, 76)
(84, 69)
(156, 26)
(56, 76)
(179, 17)
(27, 18)
(56, 76)
(56, 76)
(40, 27)
(56, 76)
(56, 76)
(53, 35)
(75, 129)
(17, 134)
(28, 22)
(70, 53)
(38, 19)
(35, 22)
(34, 182)
(66, 60)
(30, 50)
(17, 101)
(56, 76)
(95, 179)
(87, 182)
(26, 61)
(54, 22)
(43, 66)
(27, 36)
(17, 32)
(56, 76)
(39, 37)
(24, 52)
(35, 54)
(28, 69)
(51, 37)
(28, 18)
(204, 180)
(56, 76)
(35, 30)
(21, 22)
(53, 115)
(45, 31)
(17, 59)
(56, 76)
(18, 56)
(56, 76)
(30, 33)
(49, 64)
(63, 17)
(21, 51)
(56, 76)
(91, 69)
(32, 23)
(72, 112)
(56, 22)
(67, 64)
(56, 76)
(56, 73)
(17, 130)
(48, 23)
(43, 108)
(17, 57)
(66, 60)
(32, 71)
(17, 30)
(56, 76)
(31, 107)
(97, 69)
(17, 71)
(92, 67)
(39, 29)
(17, 42)
(35, 45)
(63, 21)
(17, 48)
(55, 20)
(83, 66)
(98, 67)
(50, 22)
(51, 25)
(31, 135)
(71, 63)
(56, 76)
(92, 72)
(39, 165)
(98, 74)
(43, 66)
(30, 20)
(19, 71)
(17, 38)
(27, 29)
(167, 28)
(56, 76)
(56, 76)
(22, 69)
(43, 18)
(30, 68)
(30, 25)
(27, 17)
(85, 68)
(52, 58)
(92, 71)
(52, 59)
(28, 63)
(56, 76)
(40, 112)
(24, 22)
(20, 31)
(42, 17)
(25, 64)
(53, 55)
(19, 29)
(59, 163)
(19, 27)
(75, 61)
(22, 63)
(101, 73)
(34, 118)
(102, 68)
(83, 71)
(48, 148)
(33, 46)
(67, 60)
(56, 76)
(64, 62)
(56, 76)
(17, 33)
(30, 102)
(21, 30)
(94, 171)
(44, 37)
(72, 65)
(40, 146)
(53, 23)
(56, 76)
(17, 48)
(63, 153)
(42, 61)
(23, 94)
(46, 30)
(51, 43)
(17, 62)
(18, 17)
(56, 76)
(63, 58)
(56, 76)
(19, 47)
(69, 18)
(25, 66)
(17, 34)
(57, 24)
(20, 93)
(56, 76)
(47, 19)
(56, 76)
(56, 76)
(55, 17)
(17, 38)
(56, 76)
(73, 66)
(97, 69)
(22, 73)
(26, 49)
(126, 136)
(56, 76)
(160, 28)
(51, 71)
(60, 23)
(20, 35)
(53, 69)
(56, 76)
(115, 43)
(24, 34)
(39, 21)
(122, 36)
(60, 19)
(60, 24)
(105, 80)
(33, 45)
(36, 44)
(88, 73)
(127, 27)
(102, 69)
(27, 54)
(47, 19)
(56, 76)
(63, 58)
(198, 169)
(29, 60)
(56, 76)
(19, 52)
(17, 53)
(20, 141)
(59, 25)
(32, 167)
(53, 116)
(52, 53)
(32, 56)
(56, 76)
(28, 48)
(38, 45)
(118, 132)
(56, 76)
(63, 131)
(55, 25)
(73, 66)
(18, 141)
(32, 26)
(17, 18)
(56, 76)
(43, 22)
(25, 52)
(56, 76)
(56, 76)
(45, 41)
(56, 76)
(56, 76)
(112, 42)
(56, 76)
(20, 55)
(32, 94)
(56, 76)
(65, 59)
(47, 22)
(56, 76)
(63, 58)
(27, 43)
(19, 48)
(56, 76)
(49, 25)
(50, 18)
(27, 94)
(24, 108)
(57, 17)
(17, 56)
(109, 44)
(93, 62)
(88, 66)
(71, 65)
(56, 76)
(39, 32)
(60, 128)
(53, 54)
(59, 18)
(60, 21)
(54, 110)
(69, 52)
(28, 149)
(34, 151)
(19, 119)
(56, 76)
(155, 177)
(67, 63)
(20, 31)
(30, 70)
(25, 140)
(39, 33)
(79, 69)
(63, 58)
(25, 72)
(104, 136)
(17, 35)
(66, 19)
(26, 20)
(56, 76)
(25, 31)
(69, 62)
(17, 32)
(167, 19)
(17, 32)
(23, 21)
(25, 53)
(56, 76)
(68, 61)
(35, 50)
(75, 67)
(56, 76)
(84, 70)
(73, 66)
(81, 69)
(56, 76)
(43, 33)
(88, 69)
(91, 63)
(63, 58)
(39, 33)
(56, 22)
(71, 65)
(54, 69)
(17, 51)
(24, 102)
(147, 181)
(35, 45)
(19, 94)
(56, 76)
(26, 63)
(24, 84)
(19, 68)
(42, 17)
(22, 44)
(56, 76)
(22, 30)
(54, 72)
(21, 19)
(53, 19)
(56, 76)
(52, 171)
(75, 56)
(17, 83)
(56, 76)
(62, 62)
(22, 21)
(106, 143)
(29, 34)
(27, 151)
(68, 54)
(40, 23)
(54, 162)
(67, 17)
(58, 65)
(19, 76)
(22, 103)
(96, 65)
(28, 72)
(23, 73)
(24, 54)
(24, 99)
(17, 27)
(30, 150)
(37, 165)
(45, 17)
(56, 76)
(38, 21)
(18, 93)
(35, 18)
(56, 76)
(54, 26)
(56, 76)
(56, 76)
(24, 56)
(33, 125)
(56, 65)
(44, 40)
(28, 49)
(65, 17)
(56, 76)
(56, 76)
(36, 19)
(56, 76)
(56, 76)
(29, 33)
(24, 28)
(57, 24)
(56, 76)
(39, 52)
(56, 76)
(23, 66)
(73, 127)
(48, 17)
(17, 47)
(32, 35)
(100, 68)
(31, 179)
(65, 59)
(71, 64)
(25, 69)
(63, 123)
(63, 65)
(75, 65)
(24, 179)
(62, 59)
(19, 17)
(103, 79)
(35, 40)
(56, 76)
(56, 76)
(17, 30)
(56, 76)
(18, 57)
(68, 61)
(23, 24)
(48, 43)
(56, 76)
(54, 23)
(30, 24)
(24, 55)
(56, 76)
(56, 76)
(63, 58)
(65, 59)
(94, 68)
(150, 25)
(74, 146)
(56, 76)
(56, 76)
(56, 76)
(56, 76)
(17, 158)
(34, 39)
(17, 19)
(103, 79)
(73, 66)
(38, 22)
(19, 63)
(32, 63)
(56, 76)
(56, 76)
(25, 59)
(65, 19)
(30, 86)
(109, 128)
(33, 56)
(65, 59)
(17, 35)
(29, 86)
(32, 92)
(36, 21)
(26, 17)
(66, 59)
(48, 65)
(61, 60)
(17, 56)
(19, 37)
(19, 144)
(67, 167)
(51, 51)
(17, 53)
(29, 31)
(18, 28)
(56, 76)
(60, 21)
(89, 65)
(162, 167)
(38, 22)
(22, 72)
(24, 21)
(73, 65)
(17, 58)
(66, 19)
(20, 37)
(18, 63)
(26, 81)
(56, 76)
(47, 20)
(56, 76)
(56, 76)
(70, 59)
(34, 63)
(159, 159)
(17, 34)
(53, 27)
(33, 58)
(17, 53)
(67, 56)
(36, 55)
(72, 65)
(81, 63)
(56, 76)
(47, 21)
(55, 28)
(122, 146)
(56, 76)
(56, 76)
(63, 58)
(26, 18)
(21, 59)
(44, 48)
(104, 77)
(103, 134)
(18, 46)
(18, 26)
(128, 46)
(61, 67)
(56, 76)
(32, 175)
(53, 20)
(25, 61)
(82, 181)
(56, 76)
(63, 58)
(83, 68)
(53, 53)
(45, 55)
(63, 18)
(56, 76)
(56, 76)
(19, 37)
(56, 76)
(19, 37)
(26, 31)
(23, 56)
(20, 102)
(65, 63)
(61, 18)
(63, 58)
(100, 78)
(56, 76)
(43, 180)
(140, 183)
(85, 68)
(100, 78)
(48, 47)
(70, 65)
(17, 18)
(29, 61)
(48, 66)
(56, 76)
(56, 76)
(56, 76)
(32, 18)
(49, 29)
(61, 18)
(18, 32)
(22, 59)
(75, 65)
(48, 69)
(33, 22)
(24, 35)
(83, 71)
(79, 125)
(23, 63)
(21, 17)
(22, 177)
(35, 161)
(58, 106)
(59, 69)
(25, 18)
(17, 26)
(37, 22)
(30, 83)
(21, 28)
(74, 158)
(56, 76)
(51, 54)
(56, 76)
(17, 59)
(28, 23)
(64, 57)
(25, 58)
(74, 60)
(66, 55)
(85, 71)
(123, 55)
(24, 28)
(47, 51)
(36, 39)
(40, 144)
(158, 20)
(39, 176)
(56, 76)
(56, 76)
(22, 82)
(17, 170)
(36, 20)
(47, 27)
(56, 76)
(35, 56)
(116, 39)
(72, 66)
(17, 31)
(55, 17)
(26, 52)
(56, 76)
(56, 76)
(17, 34)
(29, 34)
(24, 52)
(56, 76)
(33, 75)
(67, 60)
(65, 182)
(18, 19)
(56, 76)
(56, 76)
(36, 21)
(73, 66)
(36, 97)
(50, 113)
(17, 43)
(51, 31)
(17, 22)
(52, 17)
(124, 42)
(24, 58)
(76, 61)
(25, 69)
(58, 19)
(55, 29)
(55, 21)
(24, 17)
(53, 66)
(66, 17)
(56, 76)
(103, 74)
(21, 51)
(56, 76)
(53, 56)
(17, 17)
(88, 171)
(18, 73)
(56, 76)
(105, 80)
(37, 48)
(101, 78)
(33, 148)
(71, 64)
(56, 76)
(24, 57)
(56, 76)
(49, 33)
(27, 75)
(56, 76)
(56, 21)
(28, 50)
(56, 76)
(17, 23)
(64, 58)
(73, 58)
(50, 22)
(118, 49)
(56, 76)
(101, 139)
(56, 18)
(56, 76)
(60, 27)
(56, 76)
(63, 23)
(19, 17)
(26, 29)
(26, 86)
(33, 58)
(50, 55)
(87, 71)
(53, 21)
(44, 23)
(56, 76)
(32, 17)
(99, 62)
(56, 76)
(20, 93)
(34, 35)
(34, 31)
(58, 22)
(73, 65)
(110, 49)
(20, 79)
(22, 87)
(125, 153)
(26, 73)
(37, 46)
(18, 22)
(56, 76)
(17, 18)
(56, 76)
(56, 31)
(54, 70)
(28, 27)
(56, 76)
(66, 55)
(56, 76)
(70, 63)
(92, 149)
(56, 76)
(19, 32)
(23, 92)
(29, 31)
(64, 21)
(64, 58)
(47, 63)
(103, 129)
(59, 17)
(129, 44)
(62, 108)
(53, 38)
(74, 63)
(97, 75)
(20, 69)
(17, 41)
(28, 47)
(19, 119)
(56, 76)
(54, 70)
(47, 60)
(56, 76)
(20, 18)
(32, 55)
(103, 165)
(56, 76)
(56, 76)
(38, 53)
(18, 74)
(18, 28)
(47, 29)
(26, 96)
(27, 56)
(44, 34)
(69, 64)
(24, 101)
(54, 68)
(24, 71)
(63, 58)
(70, 62)
(67, 180)
(66, 19)
(32, 75)
(49, 58)
(26, 17)
(27, 157)
(32, 60)
(22, 59)
(138, 33)
(63, 58)
(18, 31)
(56, 76)
(91, 62)
(92, 61)
(32, 135)
(161, 149)
(163, 95)
(91, 62)
(55, 66)
(17, 33)
(17, 61)
(17, 133)
(190, 162)
(46, 30)
(49, 18)
(24, 29)
(47, 37)
(66, 124)
(42, 59)
(51, 17)
(53, 17)
(56, 76)
(56, 76)
(56, 76)
(18, 17)
(20, 126)
(36, 47)
(46, 18)
(19, 26)
(106, 171)
(48, 26)
(54, 69)
(65, 139)
(152, 52)
(29, 103)
(64, 19)
(59, 23)
(60, 18)
(21, 71)
(19, 56)
(56, 76)
(33, 67)
(53, 64)
(54, 19)
(44, 45)
(95, 67)
(58, 28)
(56, 76)
(64, 62)
(56, 76)
(56, 76)
(89, 64)
(30, 70)
(56, 76)
(63, 22)
(64, 112)
(43, 22)
(56, 21)
(59, 27)
(56, 76)
(31, 137)
(56, 76)
(84, 67)
(91, 65)
(20, 71)
(53, 49)
(46, 47)
(49, 36)
(111, 42)
(69, 17)
(51, 17)
(47, 27)
(56, 76)
(46, 20)
(70, 62)
(56, 19)
(48, 65)
(35, 28)
(123, 41)
(70, 58)
(24, 28)
(24, 35)
(89, 73)
(64, 63)
(39, 36)
(72, 170)
(82, 63)
(33, 63)
(34, 29)
(20, 50)
(96, 64)
(56, 76)
(21, 110)
(35, 172)
(28, 61)
(56, 76)
(56, 76)
(58, 140)
(56, 76)
(52, 17)
(64, 61)
(56, 76)
(18, 59)
(53, 62)
(17, 19)
(17, 18)
(72, 53)
(31, 41)
(73, 66)
(34, 49)
(94, 74)
(56, 76)
(32, 60)
(19, 57)
(29, 22)
(29, 74)
(73, 66)
(33, 59)
(69, 124)
(73, 66)
(115, 54)
(56, 76)
(51, 60)
(24, 134)
(43, 21)
(31, 117)
(17, 34)
(51, 20)
(17, 67)
(101, 68)
(54, 17)
(20, 48)
(46, 24)
(56, 76)
(53, 23)
(153, 35)
(21, 84)
(51, 66)
(58, 18)
(26, 43)
(25, 53)
(175, 180)
(165, 163)
(119, 41)
(56, 23)
(46, 20)
(24, 33)
(43, 19)
(57, 70)
(20, 34)
(56, 76)
(132, 32)
(24, 35)
(56, 76)
(73, 66)
(20, 50)
(56, 76)
(33, 51)
(214, 176)
(56, 76)
(19, 113)
(25, 120)
(17, 70)
(141, 19)
(67, 63)
(46, 21)
(23, 24)
(70, 63)
(35, 18)
(19, 58)
(30, 107)
(51, 142)
(18, 32)
(69, 18)
(24, 102)
(32, 23)
(19, 21)
(19, 173)
(63, 17)
(56, 76)
(56, 76)
(51, 47)
(17, 72)
(31, 23)
(42, 22)
(67, 60)
(56, 76)
(24, 31)
(58, 18)
(47, 45)
(56, 76)
(47, 147)
(56, 76)
(23, 91)
(110, 181)
(95, 70)
(71, 59)
(22, 141)
(71, 57)
(26, 52)
(64, 128)
(79, 69)
(69, 52)
(34, 179)
(62, 25)
(43, 163)
(77, 145)
(28, 72)
(31, 17)
(24, 17)
(19, 78)
(91, 64)
(56, 76)
(58, 25)
(147, 66)
(56, 76)
(21, 82)
(31, 79)
(21, 55)
(32, 71)
(56, 76)
(56, 76)
(85, 71)
(17, 58)
(72, 60)
(56, 76)
(91, 62)
(56, 76)
(85, 180)
(58, 17)
(66, 59)
(34, 169)
(56, 76)
(30, 35)
(65, 21)
(56, 76)
(22, 17)
(91, 70)
(30, 31)
(76, 63)
(56, 76)
(56, 76)
(20, 32)
(26, 41)
(57, 114)
(46, 28)
(70, 62)
(28, 37)
(64, 59)
(75, 131)
(23, 56)
(73, 61)
(49, 65)
(33, 22)
(26, 63)
(31, 91)
(44, 60)
(134, 30)
(32, 23)
(70, 180)
(19, 31)
(56, 76)
(71, 64)
(72, 141)
(57, 112)
(56, 76)
(17, 60)
(152, 28)
(35, 23)
(53, 18)
(22, 56)
(56, 76)
(18, 35)
(17, 34)
(20, 78)
(56, 76)
(20, 65)
(18, 83)
(26, 53)
(65, 56)
(17, 32)
(18, 137)
(45, 57)
(56, 76)
(92, 61)
(48, 58)
(30, 26)
(91, 68)
(19, 92)
(93, 67)
(56, 76)
(72, 65)
(55, 32)
(18, 26)
(56, 76)
(51, 18)
(25, 63)
(19, 103)
(202, 183)
(56, 76)
(17, 42)
(65, 59)
(21, 55)
(65, 20)
(17, 51)
(43, 19)
(53, 71)
(56, 76)
(42, 63)
(39, 28)
(42, 20)
(49, 50)
(91, 63)
(92, 63)
(56, 76)
(56, 76)
(56, 76)
(29, 33)
(56, 76)
(56, 76)
(17, 50)
(49, 35)
(31, 79)
(57, 17)
(17, 18)
(56, 76)
(98, 60)
(40, 49)
(89, 68)
(63, 59)
(45, 22)
(56, 76)
(28, 58)
(24, 25)
(56, 76)
(64, 58)
(56, 21)
(56, 76)
(86, 120)
(24, 156)
(69, 18)
(63, 23)
(56, 76)
(19, 78)
(68, 58)
(33, 22)
(45, 55)
(92, 61)
(46, 20)
(30, 48)
(35, 48)
(20, 40)
(53, 20)
(59, 28)
(31, 66)
(56, 76)
(73, 66)
(28, 72)
(66, 60)
(19, 74)
(51, 17)
(56, 76)
(72, 62)
(68, 62)
(72, 114)
(21, 118)
(30, 44)
(49, 54)
(56, 76)
(64, 17)
(54, 67)
(29, 183)
(90, 63)
(100, 70)
(75, 59)
(17, 53)
(67, 62)
(47, 152)
(30, 39)
(18, 23)
(65, 109)
(56, 76)
(43, 19)
(56, 76)
(31, 22)
(19, 37)
(41, 62)
(86, 67)
(56, 76)
(37, 30)
(51, 19)
(91, 62)
(32, 18)
(73, 66)
(47, 55)
(56, 76)
(69, 18)
(58, 20)
(173, 108)
(105, 80)
(56, 76)
(21, 47)
(70, 56)
(91, 69)
(71, 64)
(28, 174)
(56, 76)
(56, 76)
(46, 64)
(46, 32)
(23, 32)
(18, 48)
(23, 21)
(30, 77)
(56, 76)
(40, 23)
(17, 33)
(56, 76)
(18, 90)
(75, 135)
(101, 70)
(52, 65)
(47, 44)
(121, 54)
(28, 91)
(29, 30)
(19, 49)
(22, 32)
(65, 59)
(58, 24)
(56, 76)
(64, 58)
(24, 50)
(52, 40)
(56, 76)
(31, 17)
(69, 55)
(17, 17)
(19, 35)
(28, 70)
(39, 42)
(32, 40)
(56, 76)
(50, 44)
(127, 28)
(23, 119)
(101, 71)
(56, 76)
(59, 162)
(78, 66)
(17, 56)
(56, 76)
(56, 76)
(52, 19)
(18, 72)
(18, 140)
(56, 76)
(63, 19)
(44, 173)
(18, 100)
(56, 76)
(17, 21)
(42, 62)
(37, 17)
(56, 76)
(50, 63)
(25, 57)
(21, 37)
(176, 22)
(56, 76)
(56, 76)
(62, 146)
(33, 22)
(31, 33)
(31, 28)
(72, 65)
(73, 56)
(21, 36)
(32, 61)
(57, 26)
(91, 63)
(51, 51)
(56, 76)
(49, 20)
(65, 20)
(72, 66)
(114, 52)
(69, 65)
(64, 60)
(18, 82)
(65, 141)
(68, 18)
(51, 17)
(45, 62)
(49, 17)
(66, 59)
(18, 62)
(49, 34)
(104, 77)
(56, 76)
(28, 137)
(56, 76)
(40, 20)
(97, 68)
(20, 46)
(27, 60)
(111, 139)
(60, 24)
(29, 65)
(18, 56)
(41, 41)
(68, 62)
(66, 19)
(35, 46)
(92, 70)
(70, 17)
(56, 76)
(56, 76)
(30, 25)
(56, 76)
(42, 23)
(36, 20)
(145, 144)
(72, 65)
(23, 26)
(35, 22)
(18, 39)
(43, 25)
(215, 174)
(30, 52)
(24, 89)
(25, 17)
(17, 32)
(56, 76)
(33, 77)
(18, 28)
(89, 71)
(60, 18)
(33, 177)
(76, 68)
(56, 76)
(56, 76)
(56, 76)
(30, 74)
(24, 21)
(33, 23)
(72, 65)
(26, 68)
(57, 20)
(27, 117)
(31, 23)
(21, 37)
(89, 64)
(48, 18)
(50, 17)
(171, 27)
(48, 18)
(44, 56)
(56, 71)
(18, 76)
(33, 71)
(17, 17)
(28, 25)
(58, 20)
(50, 60)
(69, 64)
(52, 106)
(77, 169)
(48, 25)
(52, 34)
(52, 58)
(41, 131)
(18, 21)
(20, 91)
(26, 76)
(98, 74)
(56, 19)
(56, 76)
(56, 76)
(111, 47)
(64, 18)
(45, 19)
(49, 25)
(20, 72)
(31, 75)
(64, 60)
(35, 23)
(31, 111)
(22, 75)
(18, 111)
(82, 63)
(21, 65)
(58, 21)
(42, 46)
(73, 59)
(37, 18)
(37, 126)
(56, 76)
(18, 86)
(54, 122)
(40, 30)
(56, 76)
(17, 40)
(31, 48)
(44, 17)
(18, 153)
(22, 23)
(56, 76)
(28, 73)
(54, 69)
(22, 124)
(69, 17)
(153, 61)
(34, 46)
(28, 80)
(48, 48)
(56, 76)
(64, 58)
(17, 35)
(56, 76)
(17, 65)
(40, 55)
(55, 23)
(17, 55)
(26, 26)
(38, 27)
(45, 47)
(43, 36)
(121, 133)
(26, 38)
(18, 44)
(50, 37)
(54, 72)
(32, 71)
(54, 25)
(17, 86)
(61, 67)
(18, 23)
(64, 17)
(24, 28)
(56, 76)
(56, 76)
(66, 59)
(30, 138)
(101, 70)
(69, 55)
(71, 66)
(17, 147)
(27, 178)
(21, 69)
(33, 23)
(41, 44)
(67, 17)
(65, 64)
(44, 24)
(25, 74)
(56, 76)
(26, 77)
(35, 20)
(24, 183)
(70, 62)
(66, 19)
(63, 17)
(83, 133)
(37, 18)
(40, 55)
(150, 50)
(17, 130)
(60, 27)
(23, 26)
(52, 30)
(26, 52)
(17, 134)
(56, 76)
(26, 22)
(25, 77)
(56, 76)
(66, 60)
(56, 76)
(62, 19)
(52, 60)
(27, 64)
(98, 71)
(56, 76)
(60, 17)
(65, 128)
(58, 18)
(56, 76)
(49, 19)
(43, 62)
(90, 64)
(69, 17)
(142, 24)
(68, 64)
(52, 19)
(65, 20)
(24, 21)
(35, 22)
(17, 17)
(56, 65)
(73, 66)
(19, 47)
(91, 65)
(29, 82)
(54, 67)
(17, 20)
(26, 120)
(82, 123)
(25, 63)
(49, 17)
(61, 65)
(72, 65)
(79, 132)
(51, 17)
(36, 54)
(35, 29)
(65, 17)
(21, 40)
(54, 28)
(56, 76)
(59, 18)
(33, 136)
(45, 22)
(29, 17)
(17, 77)
(56, 76)
(56, 76)
(105, 80)
(21, 63)
(91, 72)
(56, 76)
(56, 76)
(68, 19)
(103, 75)
(44, 20)
(56, 76)
(90, 69)
(56, 76)
(72, 65)
(56, 76)
(49, 57)
(125, 40)
(17, 31)
(36, 54)
(33, 24)
(64, 60)
(21, 89)
(31, 85)
(40, 18)
(68, 61)
(46, 50)
(56, 76)
(26, 49)
(54, 69)
(95, 159)
(56, 19)
(61, 65)
(30, 94)
(17, 20)
(44, 17)
(22, 19)
(17, 78)
(117, 54)
(56, 17)
(29, 62)
(137, 152)
(91, 72)
(40, 66)
(56, 76)
(61, 154)
(30, 29)
(62, 18)
(56, 76)
(49, 28)
(26, 117)
(17, 35)
(124, 134)
(26, 68)
(18, 26)
(56, 76)
(96, 68)
(49, 47)
(23, 28)
(56, 76)
(52, 114)
(50, 56)
(51, 41)
(41, 173)
(81, 69)
(46, 24)
(56, 76)
(25, 21)
(52, 53)
(77, 68)
(88, 73)
(42, 21)
(47, 33)
(56, 76)
(21, 32)
(74, 59)
(81, 70)
(56, 76)
(91, 66)
(56, 76)
(57, 18)
(47, 170)
(17, 34)
(50, 67)
(30, 49)
(50, 45)
(98, 69)
(114, 53)
(56, 76)
(60, 164)
(26, 30)
(36, 40)
(90, 69)
(56, 72)
(56, 76)
(26, 32)
(56, 76)
(43, 61)
(40, 37)
(57, 24)
(56, 76)
(65, 18)
(45, 23)
(34, 55)
(42, 56)
(47, 55)
(102, 74)
(39, 17)
(41, 63)
(43, 62)
(49, 42)
(30, 43)
(29, 82)
(62, 60)
(48, 47)
(56, 76)
(58, 171)
(56, 76)
(56, 76)
(53, 36)
(91, 62)
(166, 75)
(29, 34)
(28, 72)
(59, 18)
(68, 61)
(46, 68)
(56, 76)
(84, 166)
(69, 65)
(32, 25)
(105, 135)
(54, 69)
(51, 119)
(20, 61)
(54, 19)
(56, 76)
(56, 76)
(51, 64)
(51, 57)
(38, 108)
(66, 59)
(69, 63)
(30, 39)
(56, 76)
(142, 40)
(149, 37)
(68, 61)
(56, 76)
(31, 88)
(56, 76)
(126, 156)
(17, 65)
(56, 69)
(47, 59)
(43, 56)
(56, 76)
(54, 69)
(35, 57)
(32, 57)
(56, 76)
(17, 51)
(19, 66)
(30, 73)
(78, 59)
(89, 68)
(22, 59)
(73, 66)
(38, 57)
(30, 79)
(99, 77)
(26, 68)
(71, 168)
(211, 176)
(26, 32)
(122, 38)
(24, 25)
(64, 20)
(66, 59)
(26, 107)
(48, 115)
(18, 32)
(56, 76)
(52, 18)
(81, 70)
(56, 76)
(29, 111)
(43, 39)
(67, 60)
(25, 35)
(22, 79)
(56, 173)
(56, 76)
(73, 66)
(152, 20)
(28, 52)
(72, 66)
(36, 47)
(56, 76)
(17, 32)
(148, 22)
(56, 76)
(49, 24)
(56, 76)
(70, 63)
(90, 68)
(18, 56)
(55, 70)
(69, 178)
(43, 180)
(52, 63)
(56, 76)
(52, 50)
(75, 56)
(56, 76)
(51, 27)
(171, 28)
(56, 76)
(41, 21)
(37, 50)
(79, 64)
(56, 153)
(56, 76)
(40, 35)
(56, 76)
(56, 76)
(30, 52)
(47, 31)
(89, 73)
(37, 23)
(54, 69)
(98, 75)
(33, 85)
(39, 44)
(17, 36)
(187, 175)
(17, 50)
(56, 76)
(56, 76)
(28, 114)
(56, 76)
(24, 75)
(103, 77)
(17, 33)
(18, 61)
(90, 64)
(46, 103)
(32, 43)
(71, 63)
(122, 57)
(56, 76)
(132, 39)
(52, 22)
(17, 142)
(23, 126)
(20, 68)
(56, 76)
(39, 52)
(94, 68)
(62, 63)
(73, 66)
(56, 76)
(56, 76)
(102, 136)
(56, 76)
(92, 71)
(99, 61)
(105, 79)
(56, 76)
(54, 69)
(20, 38)
(64, 23)
(27, 68)
(69, 57)
(54, 25)
(56, 76)
(17, 52)
(36, 63)
(96, 72)
(33, 71)
(20, 57)
